<?xml version="1.0" encoding="UTF-8"?>
<document version="0.9.1">
  <chunk>
    <sensors>
      <sensor id="0" label="Canon EOS 600D (42 mm)" type="frame">
        <resolution width="5184" height="3456"/>
        <property name="pixel_width" value="4.4035976080246883e-03"/>
        <property name="pixel_height" value="4.4035976080246883e-03"/>
        <property name="focal_length" value="4.2000000000000000e+01"/>
        <property name="fixed" value="false"/>
        <calibration type="frame" class="adjusted">
          <resolution width="5184" height="3456"/>
          <fx>8.8365127121366841e+03</fx>
          <fy>8.8365127121366841e+03</fy>
          <cx>2.6347789786417929e+03</cx>
          <cy>2.0913552021435967e+03</cy>
          <k1>-5.0398183456118011e-02</k1>
          <k2>6.9147151755160197e-01</k2>
          <k3>-2.5956556516880065e+00</k3>
        </calibration>
      </sensor>
      <sensor id="1" label="Canon EOS 600D (24 mm)" type="frame">
        <resolution width="5184" height="3456"/>
        <property name="pixel_width" value="4.4035976080246883e-03"/>
        <property name="pixel_height" value="4.4035976080246883e-03"/>
        <property name="focal_length" value="2.4000000000000000e+01"/>
        <property name="fixed" value="false"/>
        <calibration type="frame" class="adjusted">
          <resolution width="5184" height="3456"/>
          <fx>5.4761299475519309e+03</fx>
          <fy>5.4761299475519309e+03</fy>
          <cx>2.6268753468847435e+03</cx>
          <cy>1.6443842639934844e+03</cy>
          <k1>-1.2832124236033099e-01</k1>
          <k2>1.5969444553937165e-01</k2>
          <k3>1.4095549181544387e-01</k3>
        </calibration>
      </sensor>
      <sensor id="2" label="Canon EOS 600D (42 mm)" type="frame">
        <resolution width="5184" height="3456"/>
        <property name="pixel_width" value="4.4035976080246883e-03"/>
        <property name="pixel_height" value="4.4035976080246883e-03"/>
        <property name="focal_length" value="4.2000000000000000e+01"/>
        <property name="fixed" value="false"/>
        <calibration type="frame" class="adjusted">
          <resolution width="5184" height="3456"/>
          <fx>9.0609260007303019e+03</fx>
          <fy>9.0609260007303019e+03</fy>
          <cx>2.6092230690954316e+03</cx>
          <cy>1.9993271993415963e+03</cy>
          <k1>-3.0704422933822608e-02</k1>
          <k2>2.1634508909434530e-01</k2>
          <k3>-1.4703221759201552e+00</k3>
        </calibration>
      </sensor>
      <sensor id="3" label="Canon EOS 600D (24 mm)" type="frame">
        <resolution width="5184" height="3456"/>
        <property name="pixel_width" value="4.4035976080246883e-03"/>
        <property name="pixel_height" value="4.4035976080246883e-03"/>
        <property name="focal_length" value="2.4000000000000000e+01"/>
        <property name="fixed" value="false"/>
      </sensor>
      <sensor id="4" label="Canon EOS 600D (24 mm)" type="frame">
        <resolution width="5184" height="3456"/>
        <property name="pixel_width" value="4.4035976080246883e-03"/>
        <property name="pixel_height" value="4.4035976080246883e-03"/>
        <property name="focal_length" value="2.4000000000000000e+01"/>
        <property name="fixed" value="false"/>
        <calibration type="frame" class="adjusted">
          <resolution width="5184" height="3456"/>
          <fx>5.2661339066051596e+03</fx>
          <fy>5.2661339066051596e+03</fy>
          <cx>2.4731345942517428e+03</cx>
          <cy>1.8400898051721574e+03</cy>
          <k1>-1.3466800636114379e-01</k1>
          <k2>1.9328533428412781e-01</k2>
          <k3>1.1443498662509133e+00</k3>
        </calibration>
      </sensor>
    </sensors>
    <cameras>
      <camera id="0" label="IMG_3749.JPG" sensor_id="0" enabled="true">
        <resolution width="5184" height="3456"/>
        <transform>1.0000000000000000e+00 0.0000000000000000e+00 0.0000000000000000e+00 4.7019774032891500e-38 0.0000000000000000e+00 1.0000000000000000e+00 0.0000000000000000e+00 0.0000000000000000e+00 0.0000000000000000e+00 0.0000000000000000e+00 1.0000000000000000e+00 0.0000000000000000e+00 0.0000000000000000e+00 0.0000000000000000e+00 0.0000000000000000e+00 1.0000000000000000e+00</transform>
      </camera>
      <camera id="1" label="IMG_3750.JPG" sensor_id="0" enabled="true">
        <resolution width="5184" height="3456"/>
        <transform>9.7448544236310530e-01 1.8940563151222542e-01 -1.2043101499961718e-01 2.0667706976723386e+00 -1.8986345835501797e-01 9.8177977866062482e-01 7.7674574068219461e-03 -1.2684956419844221e-01 1.1970793542558199e-01 1.5296174833908893e-02 9.9269131014207790e-01 1.0309763308856026e-01 0.0000000000000000e+00 0.0000000000000000e+00 0.0000000000000000e+00 1.0000000000000000e+00</transform>
      </camera>
      <camera id="2" label="IMG_3751.JPG" sensor_id="0" enabled="true">
        <resolution width="5184" height="3456"/>
        <transform>8.8659326971576713e-01 3.8940322381525971e-01 -2.4963473992412918e-01 4.3197062831604054e+00 -3.9071764281769328e-01 9.1933975307168425e-01 4.6412735462156240e-02 -7.5441956511826813e-01 2.4757240897501151e-01 5.6387478258717622e-02 9.6722714737021942e-01 5.1204654999479970e-01 0.0000000000000000e+00 0.0000000000000000e+00 0.0000000000000000e+00 1.0000000000000000e+00</transform>
      </camera>
      <camera id="3" label="IMG_3752.JPG" sensor_id="0" enabled="true">
        <resolution width="5184" height="3456"/>
        <transform>7.4758909011123409e-01 5.5906426612226601e-01 -3.5854943688678304e-01 6.2127918973500300e+00 -5.6165784480227732e-01 8.2029581399978202e-01 1.0795945028804108e-01 -1.7775931449312217e+00 3.5447287303645408e-01 1.2067279676715503e-01 9.2724703202634995e-01 1.1812453704321795e+00 0.0000000000000000e+00 0.0000000000000000e+00 0.0000000000000000e+00 1.0000000000000000e+00</transform>
      </camera>
      <camera id="4" label="IMG_3753.JPG" sensor_id="0" enabled="true">
        <resolution width="5184" height="3456"/>
        <transform>5.8662362421282821e-01 6.8131391409725917e-01 -4.3781739797874519e-01 7.6195882741181054e+00 -6.8474617437761587e-01 7.0593123107242262e-01 1.8106289976633400e-01 -3.0016723907385408e+00 4.3242964767766112e-01 1.9357801387049700e-01 8.8064303344506589e-01 1.9694680528921762e+00 0.0000000000000000e+00 0.0000000000000000e+00 0.0000000000000000e+00 1.0000000000000000e+00</transform>
      </camera>
      <camera id="5" label="IMG_3754.JPG" sensor_id="0" enabled="true">
        <resolution width="5184" height="3456"/>
        <transform>2.7277281967606476e-01 8.0769864442116435e-01 -5.2270248578534861e-01 9.1038838823257553e+00 -8.1295323247443940e-01 4.8405045597688923e-01 3.2373167574076761e-01 -5.4184796237656494e+00 5.1449201223666141e-01 3.3662747343135718e-01 7.8865703158970923e-01 3.5054542401937274e+00 0.0000000000000000e+00 0.0000000000000000e+00 0.0000000000000000e+00 1.0000000000000000e+00</transform>
      </camera>
      <camera id="6" label="IMG_3755.JPG" sensor_id="0" enabled="true">
        <resolution width="5184" height="3456"/>
        <transform>5.0046461337045385e-02 8.3946509764871224e-01 -5.4110415036042481e-01 9.5237263652278941e+00 -8.4418396435999210e-01 3.2507419448491487e-01 4.2623960679109951e-01 -7.1701746927573655e+00 5.3371226894749846e-01 4.3545966278132053e-01 7.2493178718089823e-01 4.6407234589419808e+00 0.0000000000000000e+00 0.0000000000000000e+00 0.0000000000000000e+00 1.0000000000000000e+00</transform>
      </camera>
      <camera id="7" label="IMG_3756.JPG" sensor_id="0" enabled="true">
        <resolution width="5184" height="3456"/>
        <transform>-3.2425537919713193e-01 7.9267537224090634e-01 -5.1625982150896155e-01 9.1414379148323412e+00 -8.0160805486727904e-01 5.9527985588253951e-02 5.9487893331643715e-01 -1.0061501787919825e+01 5.0227778711946014e-01 6.0673072542483408e-01 6.1611269374346866e-01 6.4737733782694793e+00 0.0000000000000000e+00 0.0000000000000000e+00 0.0000000000000000e+00 1.0000000000000000e+00</transform>
      </camera>
      <camera id="8" label="IMG_3757.JPG" sensor_id="0" enabled="true">
        <resolution width="5184" height="3456"/>
        <transform>-5.7905537953212516e-01 6.8118085822755980e-01 -4.4798159093792200e-01 8.0167276895960597e+00 -6.9398284737160609e-01 -1.2344387190356049e-01 7.0933026020567824e-01 -1.2121765260310871e+01 4.2788161328678820e-01 7.2163304308618137e-01 5.4420866966382719e-01 7.7786831047439513e+00 0.0000000000000000e+00 0.0000000000000000e+00 0.0000000000000000e+00 1.0000000000000000e+00</transform>
      </camera>
      <camera id="9" label="IMG_3758.JPG" sensor_id="0" enabled="true">
        <resolution width="5184" height="3456"/>
        <transform>-7.7690146411593775e-01 5.2324703032251263e-01 -3.5019517460008454e-01 6.3626938295726632e+00 -5.3790752484126936e-01 -2.6252462497878459e-01 8.0108446246253406e-01 -1.3724519683903022e+01 3.2723020913976020e-01 8.1073631134815927e-01 4.8541428047383206e-01 8.7975591901799657e+00 0.0000000000000000e+00 0.0000000000000000e+00 0.0000000000000000e+00 1.0000000000000000e+00</transform>
      </camera>
      <camera id="10" label="IMG_3759.JPG" sensor_id="0" enabled="true">
        <resolution width="5184" height="3456"/>
        <transform>-9.2826795189253808e-01 3.0538304120060422e-01 -2.1227295549905237e-01 4.0562105642987474e+00 -3.2053727071492288e-01 -3.6746914309585821e-01 8.7305342731989999e-01 -1.4992377215714704e+01 1.8861194970589970e-01 8.7846891067326105e-01 4.3899647539436304e-01 9.6073773788173273e+00 0.0000000000000000e+00 0.0000000000000000e+00 0.0000000000000000e+00 1.0000000000000000e+00</transform>
      </camera>
      <camera id="11" label="IMG_3760.JPG" sensor_id="0" enabled="true">
        <resolution width="5184" height="3456"/>
        <transform>-9.9524465419220165e-01 7.2866863153672370e-02 -6.4641306886456029e-02 1.5409826605333603e+00 -8.9140290768832078e-02 -4.1378867944593078e-01 9.0599830977990270e-01 -1.5598336736843729e+01 3.9269413841984860e-02 9.0745211940715453e-01 4.1831634455274380e-01 9.9786692743674017e+00 0.0000000000000000e+00 0.0000000000000000e+00 0.0000000000000000e+00 1.0000000000000000e+00</transform>
      </camera>
      <camera id="12" label="IMG_3761.JPG" sensor_id="0" enabled="true">
        <resolution width="5184" height="3456"/>
        <transform>-9.8822900857537821e-01 -1.3639225978551009e-01 6.9286204115444144e-02 -8.1200298709517449e-01 1.1982032558428676e-01 -4.0849427897343760e-01 9.0486215172414353e-01 -1.5647206659341842e+01 -9.5113175675090228e-02 9.0251292263134575e-01 4.2002846129331095e-01 1.0010721624590454e+01 0.0000000000000000e+00 0.0000000000000000e+00 0.0000000000000000e+00 1.0000000000000000e+00</transform>
      </camera>
      <camera id="13" label="IMG_3762.JPG" sensor_id="0" enabled="true">
        <resolution width="5184" height="3456"/>
        <transform>-8.9932573568166019e-01 -3.7534467487895551e-01 2.2434258664072632e-01 -3.5105489269834114e+00 3.6045579840326536e-01 -3.4587920968008556e-01 8.6627893297052072e-01 -1.5050074799240788e+01 -2.4755774788542806e-01 8.5993252488267391e-01 4.4635323916244196e-01 9.5964601610857514e+00 0.0000000000000000e+00 0.0000000000000000e+00 0.0000000000000000e+00 1.0000000000000000e+00</transform>
      </camera>
      <camera id="14" label="IMG_3763.JPG" sensor_id="0" enabled="true">
        <resolution width="5184" height="3456"/>
        <transform>-7.2117096481300724e-01 -5.8989015634701047e-01 3.6323827297736094e-01 -5.9360939845850735e+00 5.7594896399277395e-01 -2.1917062641233842e-01 7.8755763433140147e-01 -1.3735640093464051e+01 -3.8496133622264789e-01 7.7717040600046183e-01 4.9780611652605367e-01 8.7386720600628429e+00 0.0000000000000000e+00 0.0000000000000000e+00 0.0000000000000000e+00 1.0000000000000000e+00</transform>
      </camera>
      <camera id="15" label="IMG_3764.JPG" sensor_id="0" enabled="true">
        <resolution width="5184" height="3456"/>
        <transform>-4.9330724076274274e-01 -7.3745807782215189e-01 4.6130635120915742e-01 -7.6568413036827145e+00 7.2605728689237192e-01 -5.7022695031933635e-02 6.8526580857487940e-01 -1.1999721003664245e+01 -4.7904987460757920e-01 6.7298142300226405e-01 5.6356651952747394e-01 7.6104554217454226e+00 0.0000000000000000e+00 0.0000000000000000e+00 0.0000000000000000e+00 1.0000000000000000e+00</transform>
      </camera>
      <camera id="16" label="IMG_3765.JPG" sensor_id="0" enabled="true">
        <resolution width="5184" height="3456"/>
        <transform>-1.9997453863290118e-01 -8.2897542448552419e-01 5.2231209970438497e-01 -8.7681643808324221e+00 8.1870444125145003e-01 1.5148211866355649e-01 5.5387381739919017e-01 -9.7490848254150269e+00 -5.3826872635674239e-01 5.3837989684259679e-01 6.4839329492372544e-01 6.1853415220645731e+00 0.0000000000000000e+00 0.0000000000000000e+00 0.0000000000000000e+00 1.0000000000000000e+00</transform>
      </camera>
      <camera id="17" label="IMG_3766.JPG" sensor_id="0" enabled="true">
        <resolution width="5184" height="3456"/>
        <transform>1.2207918519218661e-01 -8.3650301790958859e-01 5.3419039075123975e-01 -8.9985778185589584e+00 8.3052844996087971e-01 3.8078475796629196e-01 4.0647934991353574e-01 -7.2228958982158415e+00 -5.4343276157073017e-01 3.9403764937972963e-01 7.4122544783817745e-01 4.5629880949119919e+00 0.0000000000000000e+00 0.0000000000000000e+00 0.0000000000000000e+00 1.0000000000000000e+00</transform>
      </camera>
      <camera id="18" label="IMG_3767.JPG" sensor_id="0" enabled="true">
        <resolution width="5184" height="3456"/>
        <transform>5.1421895230177350e-01 -7.2267366203207117e-01 4.6186756467500756e-01 -7.8735549593021767e+00 7.1812330297493310e-01 6.5722184736289868e-01 2.2881950326244341e-01 -4.1386209029026748e+00 -4.6891128245974090e-01 2.1401453584757910e-01 8.5692472693224730e-01 2.5628432208641470e+00 0.0000000000000000e+00 0.0000000000000000e+00 0.0000000000000000e+00 1.0000000000000000e+00</transform>
      </camera>
      <camera id="19" label="IMG_3768.JPG" sensor_id="0" enabled="true">
        <resolution width="5184" height="3456"/>
        <transform>7.5633324971452920e-01 -5.4992039189477837e-01 3.5432693653538794e-01 -6.0314976684509940e+00 5.4798721758240476e-01 8.2840655840411870e-01 1.1598527216564028e-01 -2.1881806529502899e+00 -3.5730942436850677e-01 1.0644311425046180e-01 9.2790076984886127e-01 1.3001663734246882e+00 0.0000000000000000e+00 0.0000000000000000e+00 0.0000000000000000e+00 1.0000000000000000e+00</transform>
      </camera>
      <camera id="20" label="IMG_3769.JPG" sensor_id="0" enabled="true">
        <resolution width="5184" height="3456"/>
        <transform>9.3570853692436529e-01 -2.9688588494509999e-01 1.9054738320750716e-01 -3.2819459330059368e+00 2.9642316370719340e-01 9.5453368233302804e-01 3.1603121832633745e-02 -6.8057285056574202e-01 -1.9126641614429371e-01 2.6911347274240049e-02 9.8116916861630088e-01 3.6767092191004574e-01 0.0000000000000000e+00 0.0000000000000000e+00 0.0000000000000000e+00 1.0000000000000000e+00</transform>
      </camera>
      <camera id="21" label="IMG_3770.JPG" sensor_id="0" enabled="true">
        <resolution width="5184" height="3456"/>
        <transform>9.9554746507237124e-01 -7.8970092157259308e-02 5.1468139005114523e-02 -9.0806545674651240e-01 7.8981197326095154e-02 9.9687444222289945e-01 1.8212390616015777e-03 -1.1921659338928244e-01 -5.1451095779509272e-02 2.2518853117016084e-03 9.9867297638197394e-01 4.9481655867082551e-02 0.0000000000000000e+00 0.0000000000000000e+00 0.0000000000000000e+00 1.0000000000000000e+00</transform>
      </camera>
      <camera id="22" label="IMG_3771.JPG" sensor_id="0" enabled="true">
        <resolution width="5184" height="3456"/>
        <transform>9.9875571373931549e-01 4.4302215602134695e-02 -2.2898427147131490e-02 3.6874582031482311e-01 -4.4288691501203653e-02 9.9901817147804395e-01 1.0976619592324346e-03 -4.8623840709364131e-02 2.2924573675026681e-02 -8.2154777755592324e-05 9.9973719405272243e-01 3.0667190700536497e-02 0.0000000000000000e+00 0.0000000000000000e+00 0.0000000000000000e+00 1.0000000000000000e+00</transform>
      </camera>
      <camera id="23" label="IMG_3772.JPG" sensor_id="2" enabled="true">
        <resolution width="5184" height="3456"/>
        <transform>-8.7288672587988125e-01 -3.9070942825612454e-01 2.9225828722976066e-01 -4.8349822354670904e+00 -4.6631251784285066e-01 4.9172704490372210e-01 -7.3536191702678910e-01 9.9513367425886230e+00 1.4360153023475114e-01 -7.7817135386881553e-01 -6.1141470748765314e-01 2.2920807470252175e+01 0.0000000000000000e+00 0.0000000000000000e+00 0.0000000000000000e+00 1.0000000000000000e+00</transform>
      </camera>
      <camera id="24" label="IMG_3773.JPG" sensor_id="2" enabled="true">
        <resolution width="5184" height="3456"/>
        <transform>-7.1115342879193921e-01 -5.6906438742310506e-01 4.1282747447842449e-01 -6.9436997905787283e+00 -6.6669542750805333e-01 3.5952777905089572e-01 -6.5288359071934399e-01 8.5486180524582203e+00 2.2310985558088225e-01 -7.3953059372651775e-01 -6.3507203787065125e-01 2.3325389583702517e+01 0.0000000000000000e+00 0.0000000000000000e+00 0.0000000000000000e+00 1.0000000000000000e+00</transform>
      </camera>
      <camera id="25" label="IMG_3774.JPG" sensor_id="2" enabled="true">
        <resolution width="5184" height="3456"/>
        <transform>-4.7183017275292261e-01 -7.1794100711651143e-01 5.1179781005830438e-01 -8.7205339099661465e+00 -8.3087379076932522e-01 1.6784018770616693e-01 -5.3054539410249268e-01 6.4620679859546435e+00 2.9500005405517893e-01 -6.7556671150322911e-01 -6.7571043089192739e-01 2.4008464944809951e+01 0.0000000000000000e+00 0.0000000000000000e+00 0.0000000000000000e+00 1.0000000000000000e+00</transform>
      </camera>
      <camera id="26" label="IMG_3775.JPG" sensor_id="2" enabled="true">
        <resolution width="5184" height="3456"/>
        <transform>-2.1782770116312533e-01 -7.9504997343529438e-01 5.6608005824841190e-01 -9.7094088207934544e+00 -9.1688179863607033e-01 -3.2076986308544830e-02 -3.9786786032456212e-01 4.1894386351533885e+00 3.3448297405977501e-01 -6.0569514336000629e-01 -7.2197959346108198e-01 2.4818614859684118e+01 0.0000000000000000e+00 0.0000000000000000e+00 0.0000000000000000e+00 1.0000000000000000e+00</transform>
      </camera>
      <camera id="27" label="IMG_3776.JPG" sensor_id="2" enabled="true">
        <resolution width="5184" height="3456"/>
        <transform>8.4796503829333680e-02 -8.1288931216726368e-01 5.7621221707158776e-01 -9.9750327086022903e+00 -9.3181008645350161e-01 -2.6951394911779303e-01 -2.4308886032570379e-01 1.5120651792145345e+00 3.5290156661856803e-01 -5.1630727032956303e-01 -7.8031230086613146e-01 2.5815963078819454e+01 0.0000000000000000e+00 0.0000000000000000e+00 0.0000000000000000e+00 1.0000000000000000e+00</transform>
      </camera>
      <camera id="28" label="IMG_3777.JPG" sensor_id="2" enabled="true">
        <resolution width="5184" height="3456"/>
        <transform>3.5652606944326981e-01 -7.6173908621884212e-01 5.4096462576939075e-01 -9.4575676419443262e+00 -8.7151185775461892e-01 -4.7980809929809826e-01 -1.0124855377258224e-01 -9.3847246718922328e-01 3.3668418970962449e-01 -4.3535933707045948e-01 -8.3492874188468547e-01 2.6747245442524168e+01 0.0000000000000000e+00 0.0000000000000000e+00 0.0000000000000000e+00 1.0000000000000000e+00</transform>
      </camera>
      <camera id="29" label="IMG_3778.JPG" sensor_id="2" enabled="true">
        <resolution width="5184" height="3456"/>
        <transform>6.2642408494785728e-01 -6.3056128818047719e-01 4.5824156036463637e-01 -8.0756689157407902e+00 -7.2193781592900241e-01 -6.9101941622559548e-01 3.6027161016365467e-02 -3.3648194316834381e+00 2.9393648247351212e-01 -3.5339019263048954e-01 -8.8809724468871332e-01 2.7688444403591454e+01 0.0000000000000000e+00 0.0000000000000000e+00 0.0000000000000000e+00 1.0000000000000000e+00</transform>
      </camera>
      <camera id="30" label="IMG_3779.JPG" sensor_id="2" enabled="true">
        <resolution width="5184" height="3456"/>
        <transform>8.7892570362630018e-01 -3.7645237693613492e-01 2.9287064619751013e-01 -5.2768061093541876e+00 -4.3423343572337098e-01 -8.8558986702368059e-01 1.6483904490398149e-01 -5.6643531264580016e+00 1.9730922635520623e-01 -2.7205550044818788e-01 -9.4183590602131750e-01 2.8640200573432892e+01 0.0000000000000000e+00 0.0000000000000000e+00 0.0000000000000000e+00 1.0000000000000000e+00</transform>
      </camera>
      <camera id="31" label="IMG_3780.JPG" sensor_id="2" enabled="true">
        <resolution width="5184" height="3456"/>
        <transform>9.8636712874339216e-01 -1.1031322636187613e-01 1.2211011188329167e-01 -2.3249859197024243e+00 -1.3524641519351122e-01 -9.6615601539947038e-01 2.1966101403007934e-01 -6.7006142115252079e+00 9.3745903973565206e-02 -2.3318135859680508e-01 -9.6790400324160619e-01 2.9118368972894736e+01 0.0000000000000000e+00 0.0000000000000000e+00 0.0000000000000000e+00 1.0000000000000000e+00</transform>
      </camera>
      <camera id="32" label="IMG_3781.JPG" sensor_id="2" enabled="true">
        <resolution width="5184" height="3456"/>
        <transform>9.7948664689177967e-01 1.8708150350999869e-01 -7.4876028240935283e-02 1.0782163323693781e+00 1.9912684508988560e-01 -9.5557396326402133e-01 2.1731751033094268e-01 -6.7062318045116758e+00 -3.0893496487896896e-02 -2.2776942678140324e-01 -9.7322488670318297e-01 2.9248716431490784e+01 0.0000000000000000e+00 0.0000000000000000e+00 0.0000000000000000e+00 1.0000000000000000e+00</transform>
      </camera>
      <camera id="33" label="IMG_3782.JPG" sensor_id="2" enabled="true">
        <resolution width="5184" height="3456"/>
        <transform>8.8314470721851701e-01 4.1355145238919272e-01 -2.2142859422104536e-01 3.6512518139968582e+00 4.5226600240115039e-01 -8.7594532307251960e-01 1.6785486010080786e-01 -5.9243543022056731e+00 -1.2454272031717359e-01 -2.4838475640459184e-01 -9.6062173804355988e-01 2.9046603486468200e+01 0.0000000000000000e+00 0.0000000000000000e+00 0.0000000000000000e+00 1.0000000000000000e+00</transform>
      </camera>
      <camera id="34" label="IMG_3783.JPG" sensor_id="2" enabled="true">
        <resolution width="5184" height="3456"/>
        <transform>6.5672687184010914e-01 6.5148782701902563e-01 -3.7983342013194810e-01 6.4267666795085105e+00 7.1819966780796562e-01 -6.9392563212005576e-01 5.1540801772080175e-02 -3.9770297693255934e+00 -2.2999794121607389e-01 -3.0664446568103787e-01 -9.2361795061787222e-01 2.8433834738034243e+01 0.0000000000000000e+00 0.0000000000000000e+00 0.0000000000000000e+00 1.0000000000000000e+00</transform>
      </camera>
      <camera id="35" label="IMG_3784.JPG" sensor_id="2" enabled="true">
        <resolution width="5184" height="3456"/>
        <transform>3.2272043720561849e-01 8.1181149666219754e-01 -4.8663498979923053e-01 8.3631791614468867e+00 8.9528740402529416e-01 -4.2864419436036305e-01 -1.2134504042112618e-01 -1.0387490310323582e+00 -3.0710256202686398e-01 -3.9651765222778934e-01 -8.6513684921421419e-01 2.7441280233676650e+01 0.0000000000000000e+00 0.0000000000000000e+00 0.0000000000000000e+00 1.0000000000000000e+00</transform>
      </camera>
      <camera id="36" label="IMG_3785.JPG" sensor_id="2" enabled="true">
        <resolution width="5184" height="3456"/>
        <transform>-1.8985643052054746e-02 8.5614362664764088e-01 -5.1638903542631920e-01 8.9523416264508420e+00 9.4130848967925884e-01 -1.5878669819220104e-01 -2.9786760773029880e-01 1.9887223164101098e+00 -3.3701316386107566e-01 -4.9173659110121476e-01 -8.0288059657492306e-01 2.6381302929562189e+01 0.0000000000000000e+00 0.0000000000000000e+00 0.0000000000000000e+00 1.0000000000000000e+00</transform>
      </camera>
      <camera id="37" label="IMG_3786.JPG" sensor_id="2" enabled="true">
        <resolution width="5184" height="3456"/>
        <transform>-3.8285838086820667e-01 7.9179342552866816e-01 -4.7590191372650786e-01 8.3442736749325146e+00 8.6590358518225397e-01 1.2806515146648689e-01 -4.8353934498485707e-01 5.2429193126556708e+00 -3.2191682367887203e-01 -5.9721226399785454e-01 -7.3464758242511274e-01 2.5191242553105752e+01 0.0000000000000000e+00 0.0000000000000000e+00 0.0000000000000000e+00 1.0000000000000000e+00</transform>
      </camera>
      <camera id="38" label="IMG_3787.JPG" sensor_id="2" enabled="true">
        <resolution width="5184" height="3456"/>
        <transform>-6.8396128632454878e-01 6.2825882331039784e-01 -3.7079348664978323e-01 6.6080492950268983e+00 6.7860901842750176e-01 3.6137715883887611e-01 -6.3945003649886900e-01 7.9604106829196004e+00 -2.6774383077511105e-01 -6.8898287351876653e-01 -6.7351008981283433e-01 2.4146538506866225e+01 0.0000000000000000e+00 0.0000000000000000e+00 0.0000000000000000e+00 1.0000000000000000e+00</transform>
      </camera>
      <camera id="39" label="IMG_3788.JPG" sensor_id="2" enabled="true">
        <resolution width="5184" height="3456"/>
        <transform>-8.8933783296381641e-01 3.9916380268356078e-01 -2.2303918374676296e-01 4.1085342489729655e+00 4.1985643599637523e-01 5.1967193990852134e-01 -7.4408443608513597e-01 9.8258998800924768e+00 -1.8110436773210237e-01 -7.5538687670551474e-01 -6.2975540846382783e-01 2.3376589211529634e+01 0.0000000000000000e+00 0.0000000000000000e+00 0.0000000000000000e+00 1.0000000000000000e+00</transform>
      </camera>
      <camera id="40" label="IMG_3789.JPG" sensor_id="2" enabled="true">
        <resolution width="5184" height="3456"/>
        <transform>-9.8651287465245374e-01 1.5106319980430630e-01 -6.3025850330133165e-02 1.3375357609292471e+00 1.4127826685471903e-01 5.9137562132963173e-01 -7.9392400506063510e-01 1.0762097906433404e+01 -8.2660749207098927e-02 -7.9212043538964250e-01 -6.0474161125115611e-01 2.2911059661408753e+01 0.0000000000000000e+00 0.0000000000000000e+00 0.0000000000000000e+00 1.0000000000000000e+00</transform>
      </camera>
      <camera id="41" label="IMG_3790.JPG" sensor_id="2" enabled="true">
        <resolution width="5184" height="3456"/>
        <transform>-9.8763813826721403e-01 -1.1065143659576056e-01 1.1102777769263764e-01 -1.7192060689869217e+00 -1.5509771521901228e-01 5.8722001041208771e-01 -7.9442895094871091e-01 1.0857971067850432e+01 2.2706971923036216e-02 -8.0182848474653323e-01 -5.9712266283835247e-01 2.2746962883373747e+01 0.0000000000000000e+00 0.0000000000000000e+00 0.0000000000000000e+00 1.0000000000000000e+00</transform>
      </camera>
      <camera id="42" label="IMG_3791.JPG" sensor_id="2" enabled="true">
        <resolution width="5184" height="3456"/>
        <transform>-9.2174058149580840e-01 -3.0609143730064292e-01 2.3812251559857878e-01 -3.8704005561095234e+00 -3.7315852775754088e-01 5.3287227696304196e-01 -7.5947340282991260e-01 1.0337342676893380e+01 1.0557941838063602e-01 -7.8889490330173184e-01 -6.0539063253320780e-01 2.2855212457116352e+01 0.0000000000000000e+00 0.0000000000000000e+00 0.0000000000000000e+00 1.0000000000000000e+00</transform>
      </camera>
      <camera id="43" label="IMG_3792.JPG" sensor_id="2" enabled="true">
        <resolution width="5184" height="3456"/>
        <transform>-8.5338738099898515e-01 -4.1790269082274500e-01 3.1158838064793459e-01 -5.1415973484323008e+00 -4.9753587359269313e-01 4.7465452342669479e-01 -7.2605863253523328e-01 9.7717912147393875e+00 1.5552502190981565e-01 -7.7463567203795003e-01 -6.1298576098166002e-01 2.2995229698307188e+01 0.0000000000000000e+00 0.0000000000000000e+00 0.0000000000000000e+00 1.0000000000000000e+00</transform>
      </camera>
      <camera id="44" label="IMG_3793.JPG" sensor_id="4" enabled="true">
        <resolution width="5184" height="3456"/>
        <transform>-5.3440833862540449e-01 -4.7196875765187835e-01 7.0117987664234760e-01 -7.1353972375457158e+00 -8.0542419036683399e-01 3.2784336960338778e-02 -5.9179139975332651e-01 4.3513019661254173e+00 2.5631933438499199e-01 -8.8100549320115695e-01 -3.9765527755811436e-01 1.7264011186089824e+01 0.0000000000000000e+00 0.0000000000000000e+00 0.0000000000000000e+00 1.0000000000000000e+00</transform>
      </camera>
      <camera id="45" label="IMG_3794.JPG" sensor_id="4" enabled="true">
        <resolution width="5184" height="3456"/>
        <transform>-2.6845457817162721e-01 -5.4771972486819798e-01 7.9242365086423239e-01 -8.1956065701647791e+00 -9.1319272993591549e-01 -1.1713466812666096e-01 -3.9033127919121063e-01 2.3811279836100070e+00 3.0661242220576063e-01 -8.2842173590096135e-01 -4.6872833287092225e-01 1.7960864012632531e+01 0.0000000000000000e+00 0.0000000000000000e+00 0.0000000000000000e+00 1.0000000000000000e+00</transform>
      </camera>
      <camera id="46" label="IMG_3795.JPG" sensor_id="4" enabled="true">
        <resolution width="5184" height="3456"/>
        <transform>1.0513660486142551e-02 -5.7420432445611769e-01 8.1864452402680543e-01 -8.6065811001875936e+00 -9.4334818597966708e-01 -2.7721913502953011e-01 -1.8232868995950696e-01 3.2041111617281359e-01 3.3163784909453992e-01 -7.7034988475975785e-01 -5.4458919572332198e-01 1.8721921155313254e+01 0.0000000000000000e+00 0.0000000000000000e+00 0.0000000000000000e+00 1.0000000000000000e+00</transform>
      </camera>
      <camera id="47" label="IMG_3796.JPG" sensor_id="4" enabled="true">
        <resolution width="5184" height="3456"/>
        <transform>3.7613373618704415e-01 -5.3738671368928204e-01 7.5481052751813749e-01 -8.1696111170348029e+00 -8.7043432217609173e-01 -4.8416314804441529e-01 8.9051315844120738e-02 -2.4607089318324942e+00 3.1759644720906899e-01 -6.9050819403244990e-01 -6.4986993367459445e-01 1.9790434468150821e+01 0.0000000000000000e+00 0.0000000000000000e+00 0.0000000000000000e+00 1.0000000000000000e+00</transform>
      </camera>
      <camera id="48" label="IMG_3797.JPG" sensor_id="4" enabled="true">
        <resolution width="5184" height="3456"/>
        <transform>6.6601679937658786e-01 -4.3511657134708887e-01 6.0588381088070031e-01 -6.8324706584765602e+00 -6.9855300749542049e-01 -6.4869656334248138e-01 3.0202063576311683e-01 -4.6939592280142008e+00 2.6162056239384096e-01 -6.2439277546013283e-01 -7.3599479840955573e-01 2.0696956278094987e+01 0.0000000000000000e+00 0.0000000000000000e+00 0.0000000000000000e+00 1.0000000000000000e+00</transform>
      </camera>
      <camera id="49" label="IMG_3798.JPG" sensor_id="4" enabled="true">
        <resolution width="5184" height="3456"/>
        <transform>8.5651001070336674e-01 -2.9726273223919575e-01 4.2193064546985315e-01 -5.0837158513492904e+00 -4.7971542228815367e-01 -7.6011699707430380e-01 4.3828673762463011e-01 -6.2080301459726943e+00 1.9043034207766640e-01 -5.7780361610189945e-01 -7.9364933442657892e-01 2.1327769394718413e+01 0.0000000000000000e+00 0.0000000000000000e+00 0.0000000000000000e+00 1.0000000000000000e+00</transform>
      </camera>
      <camera id="50" label="IMG_3799.JPG" sensor_id="4" enabled="true">
        <resolution width="5184" height="3456"/>
        <transform>9.8621173226903203e-01 -8.9247051558862728e-02 1.3936062185195783e-01 -2.2939346922869932e+00 -1.5024521184282116e-01 -8.3589254660580514e-01 5.2792994501843504e-01 -7.3071905981323209e+00 6.9374314073873816e-02 -5.4158897174602039e-01 -8.3777597854669228e-01 2.1845915097765399e+01 0.0000000000000000e+00 0.0000000000000000e+00 0.0000000000000000e+00 1.0000000000000000e+00</transform>
      </camera>
      <camera id="51" label="IMG_3800.JPG" sensor_id="4" enabled="true">
        <resolution width="5184" height="3456"/>
        <transform>9.9250141042890050e-01 8.3867332566526231e-02 -8.8922555208554993e-02 1.6864984784914938e-02 1.1822812279796538e-01 -8.4336531014564642e-01 5.2417274311299977e-01 -7.4163598966717377e+00 -3.1033228583440067e-02 -5.3075533362474403e-01 -8.4695673711977437e-01 2.2007325195417934e+01 0.0000000000000000e+00 0.0000000000000000e+00 0.0000000000000000e+00 1.0000000000000000e+00</transform>
      </camera>
      <camera id="52" label="IMG_3801.JPG" sensor_id="4" enabled="true">
        <resolution width="5184" height="3456"/>
        <transform>8.7644644384436632e-01 3.0139061056831173e-01 -3.7550676549674122e-01 2.9722418850719277e+00 4.5232556931745038e-01 -7.8269966908243394e-01 4.2753106011130099e-01 -6.6308917799102698e+00 -1.6505517384865187e-01 -5.4455938875342946e-01 -8.2232102107770699e-01 2.1834102810290634e+01 0.0000000000000000e+00 0.0000000000000000e+00 0.0000000000000000e+00 1.0000000000000000e+00</transform>
      </camera>
      <camera id="53" label="IMG_3802.JPG" sensor_id="4" enabled="true">
        <resolution width="5184" height="3456"/>
        <transform>5.8853873977204429e-01 5.0750322162604511e-01 -6.2933507118761423e-01 5.7123853552734740e+00 7.5553309255899403e-01 -6.2229970371478238e-01 2.0472621914336420e-01 -4.5416495435837145e+00 -2.8773581257079678e-01 -5.9597278360314376e-01 -7.4968296190359274e-01 2.1154320308708044e+01 0.0000000000000000e+00 0.0000000000000000e+00 0.0000000000000000e+00 1.0000000000000000e+00</transform>
      </camera>
      <camera id="54" label="IMG_3803.JPG" sensor_id="4" enabled="true">
        <resolution width="5184" height="3456"/>
        <transform>2.2505603978818123e-01 6.1466000344710237e-01 -7.5600453643960908e-01 7.2009710155395794e+00 9.0751190783342306e-01 -4.1465305742985292e-01 -6.6969986595605213e-02 -1.8463340914098776e+00 -3.5464336465722957e-01 -6.7101111922715795e-01 -6.5113144738840267e-01 2.0207494754799669e+01 0.0000000000000000e+00 0.0000000000000000e+00 0.0000000000000000e+00 1.0000000000000000e+00</transform>
      </camera>
      <camera id="55" label="IMG_3804.JPG" sensor_id="4" enabled="true">
        <resolution width="5184" height="3456"/>
        <transform>-1.9771077605701648e-01 6.2562335632044597e-01 -7.5465612371282909e-01 7.3990217977056929e+00 9.0615410647170369e-01 -1.7699401210283727e-01 -3.8413260080889933e-01 1.3624047880123520e+00 -3.7389194208407428e-01 -7.5978190009112556e-01 -5.3191754994408491e-01 1.8998616589355251e+01 0.0000000000000000e+00 0.0000000000000000e+00 0.0000000000000000e+00 1.0000000000000000e+00</transform>
      </camera>
      <camera id="56" label="IMG_3805.JPG" sensor_id="4" enabled="true">
        <resolution width="5184" height="3456"/>
        <transform>-6.3717595198479571e-01 5.0666909838907914e-01 -5.8076951620231165e-01 5.8707349841619134e+00 7.0410258685106886e-01 7.6215681332819751e-02 -7.0599625856558723e-01 4.7142313982974660e+00 -3.1344274341879813e-01 -8.5876515687152333e-01 -4.0530982216265821e-01 1.7696063468983052e+01 0.0000000000000000e+00 0.0000000000000000e+00 0.0000000000000000e+00 1.0000000000000000e+00</transform>
      </camera>
      <camera id="57" label="IMG_3806.JPG" sensor_id="4" enabled="true">
        <resolution width="5184" height="3456"/>
        <transform>-9.3740515352211673e-01 2.5144452270209844e-01 -2.4092992789043580e-01 2.6163117477855429e+00 3.0392436612518853e-01 2.5296463123833168e-01 -9.1849816277326168e-01 7.0815393841709753e+00 -1.7000458177819514e-01 -9.3422938689893964e-01 -3.1355046615951998e-01 1.6671453478293884e+01 0.0000000000000000e+00 0.0000000000000000e+00 0.0000000000000000e+00 1.0000000000000000e+00</transform>
      </camera>
      <camera id="58" label="IMG_3807.JPG" sensor_id="4" enabled="true">
        <resolution width="5184" height="3456"/>
        <transform>-9.9720811277565646e-01 1.4113702399345118e-02 7.3326551937182433e-02 -5.1615166186725903e-01 -6.6103921429760418e-02 2.8987688832760927e-01 -9.5477833091514497e-01 7.6395912060279638e+00 -3.4731129927223110e-02 -9.5695987011895367e-01 -2.8813461367196624e-01 1.6339972409277962e+01 0.0000000000000000e+00 0.0000000000000000e+00 0.0000000000000000e+00 1.0000000000000000e+00</transform>
      </camera>
      <camera id="59" label="IMG_3808.JPG" sensor_id="4" enabled="true">
        <resolution width="5184" height="3456"/>
        <transform>-9.4618121080655526e-01 -1.4988105792048995e-01 2.8683930134009816e-01 -2.7095403804150964e+00 -3.1775090810783563e-01 2.6194981887888547e-01 -9.1127199714792295e-01 7.3497578737221811e+00 6.1444907952463532e-02 -9.5337189011736279e-01 -2.9547683905978128e-01 1.6352439560594703e+01 0.0000000000000000e+00 0.0000000000000000e+00 0.0000000000000000e+00 1.0000000000000000e+00</transform>
      </camera>
      <camera id="60" label="IMG_3809.JPG" sensor_id="4" enabled="true">
        <resolution width="5184" height="3456"/>
        <transform>-7.2118891356643045e-01 -3.7684758487931797e-01 5.8126796636275846e-01 -5.7978776049139515e+00 -6.6419698228572810e-01 1.3778827701676721e-01 -7.3474945351410959e-01 5.7469210699821769e+00 1.9679664547802608e-01 -9.1596958928087557e-01 -3.4967240646242059e-01 1.6818207540211269e+01 0.0000000000000000e+00 0.0000000000000000e+00 0.0000000000000000e+00 1.0000000000000000e+00</transform>
      </camera>
      <camera id="61" label="IMG_3810.JPG" sensor_id="4" enabled="true">
        <resolution width="5184" height="3456"/>
        <transform>-5.5536372047919169e-01 -4.6423073778284141e-01 6.8997170961794441e-01 -6.9700145820898491e+00 -7.9284366773967041e-01 4.5213194765872933e-02 -6.0774557632628678e-01 4.5628459096403136e+00 2.5093835199231174e-01 -8.8455954526343905e-01 -3.9317216888116668e-01 1.7223979129787303e+01 0.0000000000000000e+00 0.0000000000000000e+00 0.0000000000000000e+00 1.0000000000000000e+00</transform>
      </camera>
      <camera id="62" label="IMG_3811.JPG" sensor_id="1" enabled="true">
        <resolution width="5184" height="3456"/>
        <transform>9.0208571837818774e-01 -2.7276027421340865e-01 3.3442964807136227e-01 -3.9630144931963858e+00 3.7912287683421697e-01 8.7109898071184511e-01 -3.1217368573236892e-01 2.1482880852303952e+00 -2.0617274543221337e-01 4.0839735382812015e-01 8.8921560963982915e-01 6.3946201598939956e+00 0.0000000000000000e+00 0.0000000000000000e+00 0.0000000000000000e+00 1.0000000000000000e+00</transform>
      </camera>
      <camera id="63" label="IMG_3812.JPG" sensor_id="1" enabled="true">
        <resolution width="5184" height="3456"/>
        <transform>9.9167550371690838e-01 -9.5800697004392477e-02 8.6034422072148814e-02 -1.4524781449011643e+00 1.2126718124436406e-01 9.1950684194911991e-01 -3.7390030537805508e-01 2.8388553997564063e+00 -4.3289329873106352e-02 3.8122092553036602e-01 9.2346989114800515e-01 5.9973710920676702e+00 0.0000000000000000e+00 0.0000000000000000e+00 0.0000000000000000e+00 1.0000000000000000e+00</transform>
      </camera>
      <camera id="64" label="IMG_3813.JPG" sensor_id="1" enabled="true">
        <resolution width="5184" height="3456"/>
        <transform>9.8169529395230448e-01 8.2771178151064190e-02 -1.7153215995661961e-01 1.1453082816671254e+00 -1.4188848165626222e-01 9.1862897537539034e-01 -3.6876613778117018e-01 2.8458412751345366e+00 1.2705120465851191e-01 3.8635441976020568e-01 9.1355801880700260e-01 6.0538439779615389e+00 0.0000000000000000e+00 0.0000000000000000e+00 0.0000000000000000e+00 1.0000000000000000e+00</transform>
      </camera>
      <camera id="65" label="IMG_3814.JPG" sensor_id="1" enabled="true">
        <resolution width="5184" height="3456"/>
        <transform>8.5896781425746271e-01 2.7233130364625424e-01 -4.3360114751242151e-01 3.8794628830455631e+00 -4.1746096738811100e-01 8.6281652383062468e-01 -2.8508592899724050e-01 2.0823538358093132e+00 2.9648041213061549e-01 4.2589119180744839e-01 8.5481931305024428e-01 6.5881105874221522e+00 0.0000000000000000e+00 0.0000000000000000e+00 0.0000000000000000e+00 1.0000000000000000e+00</transform>
      </camera>
      <camera id="66" label="IMG_3815.JPG" sensor_id="1" enabled="true">
        <resolution width="5184" height="3456"/>
