# Bundle file v0.3
91 20897
9.5936228447e+003 3.6190999466e-003 -5.4088858305e+001
5.6941875455e-001 -5.4033292739e-001 6.1951804618e-001
-4.0728256706e-001 -8.4006562032e-001 -3.5834433736e-001
7.1406105658e-001 -4.8270913909e-002 -6.9841730100e-001
-2.0332749352e-001 1.1641867251e-001 -8.6147685160e-002
9.5936228447e+003 3.6190999466e-003 -5.4088858305e+001
4.4469835375e-001 -6.3370751755e-001 6.3297563647e-001
-4.6780015709e-001 -7.6697866027e-001 -4.3921150681e-001
7.6381043931e-001 -1.0078946814e-001 -6.3752262384e-001
-2.2142272599e-001 1.4436550825e-001 -1.0727888975e-001
9.5936228447e+003 3.6190999466e-003 -5.4088858305e+001
3.2179080519e-001 -7.0322876896e-001 6.3397158942e-001
-5.0798274088e-001 -6.9328664774e-001 -5.1118211924e-001
7.9900201042e-001 -1.5755291989e-001 -5.8032134613e-001
-2.3389875279e-001 1.7096047433e-001 -1.2865143304e-001
9.5936228447e+003 3.6190999466e-003 -5.4088858305e+001
1.1195216050e-001 -7.8858150064e-001 6.0465356247e-001
-5.4598693279e-001 -5.5721714416e-001 -6.2562554573e-001
8.3028006298e-001 -2.6009281246e-001 -4.9293685795e-001
-2.4400210615e-001 2.1623099956e-001 -1.6272164978e-001
9.5936228447e+003 3.6190999466e-003 -5.4088858305e+001
-4.8627885204e-002 -8.2415682431e-001 5.6427019922e-001
-5.4801537871e-001 -4.5029783937e-001 -7.0491914470e-001
8.3505357522e-001 -3.4350747416e-001 -4.2975358255e-001
-2.4223540238e-001 2.5053762611e-001 -1.8932231329e-001
9.5936228447e+003 3.6190999466e-003 -5.4088858305e+001
-2.2326492483e-001 -8.3664814258e-001 5.0017262906e-001
-5.2594998878e-001 -3.2862236854e-001 -7.8446411530e-001
8.2068835903e-001 -4.3820911038e-001 -3.6666523279e-001
-2.3180052483e-001 2.8730870346e-001 -2.1775906207e-001
9.5936228447e+003 3.6190999466e-003 -5.4088858305e+001
-4.2714566989e-001 -8.1355687867e-001 3.9455263511e-001
-4.6379941894e-001 -1.7743995077e-001 -8.6798914904e-001
7.7616794296e-001 -5.5375108943e-001 -3.0153450096e-001
-2.0675541854e-001 3.2996685451e-001 -2.5015853478e-001
9.5936228447e+003 3.6190999466e-003 -5.4088858305e+001
-5.5822565592e-001 -7.7035302540e-001 3.0812389282e-001
-3.9768888273e-001 -7.7496379505e-002 -9.1424168780e-001
7.2816733628e-001 -6.3289061252e-001 -2.6310036670e-001
-1.8195793576e-001 3.5564492525e-001 -2.7138753646e-001
9.5936228447e+003 3.6190999466e-003 -5.4088858305e+001
-6.8537440509e-001 -6.9951936038e-001 2.0232298260e-001
-3.0661936240e-001 2.5216058011e-002 -9.5149814347e-001
6.6048958466e-001 -7.1416861795e-001 -2.3176862103e-001
-1.4993921318e-001 3.8086832090e-001 -2.9145206443e-001
9.5936228447e+003 3.6190999466e-003 -5.4088858305e+001
-8.2040859662e-001 -5.7010507497e-001 4.3702838372e-002
-1.5462666581e-001 1.4762995148e-001 -9.7688074587e-001
5.5047282295e-001 -8.0819898597e-001 -2.0927032822e-001
-9.5548793458e-002 4.0644636296e-001 -3.1175483033e-001
9.5936228447e+003 3.6190999466e-003 -5.4088858305e+001
-9.0513922446e-001 -4.1181043211e-001 -1.0552323135e-001
6.8769691331e-003 2.3400623312e-001 -9.7221077455e-001
4.2505963305e-001 -8.8071178649e-001 -2.0897621273e-001
-3.9950088410e-002 4.2061984717e-001 -3.2421872952e-001
9.5936228447e+003 3.6190999466e-003 -5.4088858305e+001
-9.3987018828e-001 -2.0744717919e-001 -2.7131107059e-001
2.0426951316e-001 2.9520447652e-001 -9.3334253253e-001
2.7371151816e-001 -9.3264140209e-001 -2.3507875263e-001
2.7753018111e-002 4.2319779857e-001 -3.2774046497e-001
9.5936228447e+003 3.6190999466e-003 -5.4088858305e+001
-9.1253795410e-001 -3.5782354710e-003 -4.0897637898e-001
3.8760284795e-001 3.1157613101e-001 -8.6757382789e-001
1.3053166128e-001 -9.5021445517e-001 -2.8293811087e-001
9.0179160479e-002 4.1277477894e-001 -3.2119442143e-001
9.5936228447e+003 3.6190999466e-003 -5.4088858305e+001
-8.1806816133e-001 2.1570120076e-001 -5.3313926455e-001
5.7493518545e-001 2.8313992515e-001 -7.6764660836e-001
-1.4629283726e-002 -9.3450777139e-001 -3.5564196783e-001
1.5298271910e-001 3.8799588898e-001 -3.0394883502e-001
9.5936228447e+003 3.6190999466e-003 -5.4088858305e+001
-7.3061018272e-001 3.4544024486e-001 -5.8896502285e-001
6.7588693385e-001 2.4350301829e-001 -6.9561708773e-001
-9.6879376383e-002 -9.0629869100e-001 -4.1138433261e-001
1.8547822792e-001 3.6701535108e-001 -2.8802149596e-001
9.5936228447e+003 3.6190999466e-003 -5.4088858305e+001
-6.1164678563e-001 4.7632286232e-001 -6.3166822024e-001
7.7145128998e-001 1.8211933158e-001 -6.0966831659e-001
-1.7535996357e-001 -8.6020292949e-001 -4.7885259034e-001
2.1553302094e-001 3.3965239987e-001 -2.6677077417e-001
9.5936228447e+003 3.6190999466e-003 -5.4088858305e+001
-4.0278185645e-001 6.3467887072e-001 -6.5950701829e-001
8.7687906733e-001 6.1011119786e-002 -4.7682359898e-001
-2.6239260164e-001 -7.7036379349e-001 -5.8111078831e-001
2.4757319704e-001 2.9278486446e-001 -2.3121436302e-001
9.5936228447e+003 3.6190999466e-003 -5.4088858305e+001
-1.1786259525e-001 7.6445770074e-001 -6.3380819845e-001
9.4010269926e-001 -1.1969331575e-001 -3.1918713166e-001
-3.1986766559e-001 -6.3346502188e-001 -7.0456138310e-001
2.6490512213e-001 2.3073120132e-001 -1.8380590903e-001
9.5936228447e+003 3.6190999466e-003 -5.4088858305e+001
1.4877712458e-001 8.1576050557e-001 -5.5892769188e-001
9.3563413135e-001 -2.9907877739e-001 -1.8745841449e-001
-3.2008458171e-001 -4.9506230159e-001 -8.0774945255e-001
2.5851802946e-001 1.7434741308e-001 -1.3959027712e-001
9.5936228447e+003 3.6190999466e-003 -5.4088858305e+001
3.8514797248e-001 8.0467802017e-001 -4.5183439792e-001
8.7889880647e-001 -4.6913525629e-001 -8.6307585419e-002
-2.8142126303e-001 -3.6387552152e-001 -8.8791704430e-001
2.3569292016e-001 1.2505834506e-001 -1.0148478824e-001
9.5936228447e+003 3.6190999466e-003 -5.4088858305e+001
6.1868177616e-001 7.2693167721e-001 -2.9799865187e-001
7.6110797123e-001 -6.4862186624e-001 -2.0810483833e-003
-1.9480122171e-001 -2.2552164265e-001 -9.5456402233e-001
1.9325053206e-001 7.7756353823e-002 -6.4526138295e-002
9.5936228447e+003 3.6190999466e-003 -5.4088858305e+001
7.5880675420e-001 6.2887652933e-001 -1.6948929356e-001
6.4223349701e-001 -7.6575355996e-001 3.4023825782e-002
-1.0839024445e-001 -1.3466921052e-001 -9.8494454598e-001
1.5105926902e-001 5.0452536315e-002 -4.2888914599e-002
9.5936228447e+003 3.6190999466e-003 -5.4088858305e+001
8.7895897835e-001 4.7687708395e-001 -4.4001343362e-003
4.7657010249e-001 -8.7797661964e-001 4.5144133348e-002
1.7664987598e-002 -4.1776813798e-002 -9.9897079339e-001
9.1836845526e-002 2.9057217601e-002 -2.4464062015e-002
9.5936228447e+003 3.6190999466e-003 -5.4088858305e+001
9.4837781608e-001 2.5367750044e-001 1.9033455738e-001
2.5544740471e-001 -9.6669713706e-001 1.5597071054e-002
1.8795249770e-001 3.3828552525e-002 -9.8159537878e-001
1.4502964801e-002 1.9929634465e-002 -1.5297776087e-002
9.5936228447e+003 3.6190999466e-003 -5.4088858305e+001
9.4717194496e-001 9.9217480153e-002 3.0499376766e-001
1.1277789426e-001 -9.9324996747e-001 -2.7122844449e-002
3.0024398953e-001 6.0086552208e-002 -9.5196804200e-001
-3.4291429556e-002 2.3707865445e-002 -1.6904678721e-002
9.5936228447e+003 3.6190999466e-003 -5.4088858305e+001
8.9722627838e-001 -1.0324164994e-001 4.2933223395e-001
-6.5157702171e-002 -9.9259446241e-001 -1.0252173937e-001
4.3673731148e-001 6.4010896831e-002 -8.9730882412e-001
-9.3263359310e-002 3.9364695626e-002 -2.6947219429e-002
9.5936228447e+003 3.6190999466e-003 -5.4088858305e+001
8.3970980915e-001 -2.2285877237e-001 4.9519834814e-001
-1.6456063048e-001 -9.7345940862e-001 -1.5904898197e-001
5.1750095199e-001 5.2064837913e-002 -8.5409719432e-001
-1.2761065646e-001 5.3727473118e-002 -3.7684456544e-002
9.5936228447e+003 3.6190999466e-003 -5.4088858305e+001
7.4595019226e-001 -3.6188801881e-001 5.5910229163e-001
-2.7589663835e-001 -9.3198164259e-001 -2.3514094246e-001
6.0616776194e-001 2.1148988481e-002 -7.9505557332e-001
-1.6300509570e-001 7.5829288644e-002 -5.4269092898e-002
9.5936228447e+003 3.6190999466e-003 -5.4088858305e+001
5.9715875538e-001 -5.2617295953e-001 6.0542830916e-001
-3.9833928021e-001 -8.4966419896e-001 -3.4553808306e-001
6.9622355512e-001 -3.4824785272e-002 -7.1697977351e-001
-1.9943940885e-001 1.1168991701e-001 -7.9300728264e-002
9.2271105269e+003 8.0521275062e-001 -2.8366605272e+002
-1.2230364715e-001 7.5086967024e-001 -6.4902739250e-001
-8.3244034359e-001 2.7848529216e-001 4.7905011890e-001
5.4044878783e-001 5.9886616232e-001 5.9099443937e-001
2.7153353246e-001 -2.6640197638e-001 -6.1760685352e-001
9.2271105269e+003 8.0521275062e-001 -2.8366605272e+002
-3.2463976677e-001 7.0256459449e-001 -6.3325509268e-001
-7.9355473592e-001 1.6199238360e-001 5.8654015101e-001
5.1466484524e-001 6.9293683567e-001 5.0493429162e-001
2.4604800346e-001 -3.0922404360e-001 -5.8309068696e-001
9.2271105269e+003 8.0521275062e-001 -2.8366605272e+002
-4.9822317540e-001 6.3135839998e-001 -5.9427286517e-001
-7.3018098572e-001 6.4078485706e-002 6.8024236545e-001
4.6755683674e-001 7.7283925783e-001 4.2908051222e-001
2.1102335020e-001 -3.4381589957e-001 -5.5427305986e-001
9.2271105269e+003 8.0521275062e-001 -2.8366605272e+002
-6.5075912820e-001 5.3992256919e-001 -5.3385033141e-001
-6.4343533500e-001 -1.8859710274e-002 7.6526811054e-001
4.0311726178e-001 8.4150337528e-001 3.5967838779e-001
1.7012093420e-001 -3.7139715383e-001 -5.3126778393e-001
9.2271105269e+003 8.0521275062e-001 -2.8366605272e+002
-7.9230144108e-001 4.1798863644e-001 -4.4445913903e-001
-5.2410991594e-001 -9.3324675144e-002 8.4652188455e-001
3.1235752347e-001 9.0364595103e-001 2.9301326371e-001
1.1837982136e-001 -3.9432193209e-001 -5.1192038186e-001
9.2271105269e+003 8.0521275062e-001 -2.8366605272e+002
-9.1786617147e-001 2.4794575621e-001 -3.0991062139e-001
-3.5360346016e-001 -1.5626606908e-001 9.2225024186e-001
1.8023951907e-001 9.5608776670e-001 2.3110581589e-001
4.8857894977e-002 -4.0978098948e-001 -4.9838657913e-001
9.2271105269e+003 8.0521275062e-001 -2.8366605272e+002
-9.7898207580e-001 9.0290414185e-002 -1.8287081880e-001
-1.9656562134e-001 -1.7868774077e-001 9.6407087281e-001
5.4369584946e-002 9.7975422041e-001 1.9268008674e-001
-1.0680689516e-002 -4.1291658585e-001 -4.9364033897e-001
9.2271105269e+003 8.0521275062e-001 -2.8366605272e+002
-9.9475528023e-001 -1.0135320543e-001 -1.3764454042e-002
4.0857510432e-003 -1.7383845600e-001 9.8476570709e-001
-1.0220195244e-001 9.7954464879e-001 1.7334082598e-001
-8.4662763348e-002 -4.0206830204e-001 -5.0023592889e-001
9.2271105269e+003 8.0521275062e-001 -2.8366605272e+002
-9.4313584537e-001 -2.9157863857e-001 1.5961414318e-001
2.0384901316e-001 -1.2805170264e-001 9.7059174800e-001
-2.6256495769e-001 9.4793705433e-001 1.8020816856e-001
-1.5314638154e-001 -3.7709521625e-001 -5.1849884547e-001
9.2271105269e+003 8.0521275062e-001 -2.8366605272e+002
-8.1934177064e-001 -4.6617221746e-001 3.3371024339e-001
3.9640356757e-001 -4.0138518489e-002 9.1719851229e-001
-4.1417782955e-001 8.8378298411e-001 2.1767949491e-001
-2.1587358663e-001 -3.3589949017e-001 -5.4901295760e-001
9.2271105269e+003 8.0521275062e-001 -2.8366605272e+002
-6.5202469109e-001 -5.9600958893e-001 4.6865378704e-001
5.3982555100e-001 6.9110509478e-002 8.3893510593e-001
-5.3240226962e-001 7.9999769211e-001 2.7667944615e-001
-2.5735342647e-001 -2.8881919819e-001 -5.8550445364e-001
9.2271105269e+003 8.0521275062e-001 -2.8366605272e+002
-4.3401246497e-001 -6.9013708247e-001 5.7908892896e-001
6.4886336236e-001 2.0646100256e-001 7.3235933216e-001
-6.2498761367e-001 6.9360266855e-001 3.5819801918e-001
-2.8381552322e-001 -2.3331678732e-001 -6.2899695352e-001
9.2271105269e+003 8.0521275062e-001 -2.8366605272e+002
-2.0725322720e-001 -7.3528564917e-001 6.4529149533e-001
7.0707097499e-001 3.4326862424e-001 6.1823724244e-001
-6.7608929598e-001 5.8439855043e-001 4.4875561068e-001
-2.9046957426e-001 -1.7901714032e-001 -6.7252261835e-001
9.2271105269e+003 8.0521275062e-001 -2.8366605272e+002
1.0594575529e-001 -7.2659382915e-001 6.7884969204e-001
7.1600530465e-001 5.2947296584e-001 4.5496679237e-001
-6.9000862361e-001 4.3785818011e-001 5.7634044927e-001
-2.7483486127e-001 -1.0900696549e-001 -7.2838766547e-001
9.2271105269e+003 8.0521275062e-001 -2.8366605272e+002
3.6483281544e-001 -6.6089963397e-001 6.5582672300e-001
6.6257376857e-001 6.7915541413e-001 3.1582261582e-001
-6.5413532085e-001 3.1931112927e-001 6.8567294298e-001
-2.4003722799e-001 -5.4399273618e-002 -7.7173622181e-001
9.2271105269e+003 8.0521275062e-001 -2.8366605272e+002
6.0075626203e-001 -5.4789868275e-001 5.8215027877e-001
5.5617509644e-001 8.0953278508e-001 1.8795194061e-001
-5.7424835719e-001 2.1086418215e-001 7.9105949267e-001
-1.8599293066e-001 -9.7376828233e-003 -8.0908678149e-001
9.2271105269e+003 8.0521275062e-001 -2.8366605272e+002
7.9779435511e-001 -3.8257775122e-001 4.6600260860e-001
3.9387048251e-001 9.1588314238e-001 7.7615156494e-002
-4.5649776556e-001 1.2162373858e-001 8.8137248440e-001
-1.1599516194e-001 2.2847033305e-002 -8.3720079502e-001
9.2271105269e+003 8.0521275062e-001 -2.8366605272e+002
9.3276515613e-001 -1.8318027223e-001 3.1047407521e-001
1.9468596220e-001 9.8084603693e-001 -6.1990292323e-003
-3.0339172637e-001 6.6227182538e-002 9.5056163433e-001
-3.6187587562e-002 3.8890130974e-002 -8.5170206703e-001
9.2271105269e+003 8.0521275062e-001 -2.8366605272e+002
9.8444612233e-001 -1.8812171003e-002 1.7467665688e-001
2.7052366505e-002 9.9862453739e-001 -4.4913280806e-002
-1.7359147935e-001 4.8940122072e-002 9.8360096724e-001
2.7223794383e-002 3.8895958805e-002 -8.5321890771e-001
9.2271105269e+003 8.0521275062e-001 -2.8366605272e+002
9.6644696139e-001 2.4889941268e-001 -6.3477186316e-002
-2.5237642153e-001 9.6610572646e-001 -5.4275843260e-002
4.7816447689e-002 6.8474868927e-002 9.9650628681e-001
1.2684474777e-001 1.5336950652e-002 -8.3695333399e-001
9.2271105269e+003 8.0521275062e-001 -2.8366605272e+002
8.0716046852e-001 5.0366803763e-001 -3.0791311424e-001
-5.2640879767e-001 8.5016388891e-001 1.0730318654e-002
2.6718112919e-001 1.5342708322e-001 9.5135396900e-001
2.1506884423e-001 -3.9516265669e-002 -7.9668528522e-001
9.2271105269e+003 8.0521275062e-001 -2.8366605272e+002
5.3941767997e-001 6.7872377324e-001 -4.9835991630e-001
-7.2441675286e-001 6.7576603481e-001 1.3623741917e-001
4.2924227974e-001 2.8753139974e-001 8.5619901860e-001
2.6985231458e-001 -1.1236527996e-001 -7.3986705012e-001
9.2271105269e+003 8.0521275062e-001 -2.8366605272e+002
2.9722714775e-001 7.4833846234e-001 -5.9299710659e-001
-8.1075798748e-001 5.2584285972e-001 2.5721736454e-001
5.0430894140e-001 4.0432515711e-001 7.6301615904e-001
2.8629002688e-001 -1.7290572868e-001 -6.9255115196e-001
9.2271105269e+003 8.0521275062e-001 -2.8366605272e+002
6.8041018940e-002 7.6654746665e-001 -6.3857294111e-001
-8.4087798759e-001 3.8852555440e-001 3.7679185710e-001
5.3693074948e-001 5.1132462776e-001 6.7100856575e-001
2.8258426920e-001 -2.2570343650e-001 -6.5001333934e-001
9.2271105269e+003 8.0521275062e-001 -2.8366605272e+002
-1.0506700567e-001 7.5262081867e-001 -6.5001755947e-001
-8.3628355790e-001 2.8683483334e-001 4.6728534020e-001
5.3813635364e-001 5.9269526882e-001 5.9926753893e-001
2.7072599954e-001 -2.6398371497e-001 -6.1953786865e-001
6.5879592083e+003 -8.7328486893e-002 -1.6794049454e+000
-3.5365545050e-001 6.3605356536e-001 -6.8583065280e-001
-5.5697450048e-001 4.4585760684e-001 7.0070707163e-001
7.5147004474e-001 6.2979906034e-001 1.9658564404e-001
2.7487069369e-001 -3.0125977378e-001 -3.6151596558e-001
6.5879592083e+003 -8.7328486893e-002 -1.6794049454e+000
-6.8521217599e-001 4.6024811006e-001 -5.6449619225e-001
-4.6836794226e-001 3.1509925474e-001 8.2543560035e-001
5.5777750452e-001 8.2999044383e-001 -3.4438575625e-004
2.0335477791e-001 -3.4760508933e-001 -2.9188826440e-001
6.5879592083e+003 -8.7328486893e-002 -1.6794049454e+000
-9.0570171775e-001 2.1331618102e-001 -3.6633400796e-001
-3.1850142392e-001 2.2786292947e-001 9.2012788695e-001
2.7975210712e-001 9.5003931092e-001 -1.3843433923e-001
1.0733972053e-001 -3.7724852094e-001 -2.5230905029e-001
6.5879592083e+003 -8.7328486893e-002 -1.6794049454e+000
-9.8549679683e-001 -2.3875121038e-002 -1.6800607734e-001
-1.6939629817e-001 1.9703341436e-001 9.6565145254e-001
1.0047765742e-002 9.8010602091e-001 -1.9822015584e-001
1.8339590381e-002 -3.8519483537e-001 -2.4781559044e-001
6.5879592083e+003 -8.7328486893e-002 -1.6794049454e+000
-9.6440901198e-001 -2.6074103980e-001 4.3924569169e-002
-1.0311601479e-002 2.0308074697e-001 9.7910769637e-001
-2.6421379315e-001 9.4380735342e-001 -1.9854156022e-001
-6.7524857523e-002 -3.7998714956e-001 -2.6636306115e-001
6.5879592083e+003 -8.7328486893e-002 -1.6794049454e+000
-7.7323343615e-001 -5.4334582561e-001 3.2693327608e-001
2.0278796537e-001 2.7661770784e-001 9.3934002619e-001
-6.0082201550e-001 7.9262725004e-001 -1.0370606627e-001
-1.7201031758e-001 -3.4987624792e-001 -3.2748547387e-001
6.5879592083e+003 -8.7328486893e-002 -1.6794049454e+000
-5.6338726712e-001 -6.7988305707e-001 4.6941859354e-001
3.0897210099e-001 3.5356503270e-001 8.8290883361e-001
-7.6624475728e-001 6.4245684397e-001 1.0870859051e-002
-2.1752472886e-001 -3.1954484389e-001 -3.8587122618e-001
6.5879592083e+003 -8.7328486893e-002 -1.6794049454e+000
-2.3767526184e-001 -7.6855772622e-001 5.9399452134e-001
4.0160654606e-001 4.7904962723e-001 7.8052779375e-001
-8.8443352044e-001 4.2406423584e-001 1.9479956829e-001
-2.4776492681e-001 -2.7129265847e-001 -4.6957963606e-001
6.5879592083e+003 -8.7328486893e-002 -1.6794049454e+000
5.5661635411e-002 -7.7494887999e-001 6.2956811843e-001
4.3135137850e-001 5.8733023454e-001 6.8482054866e-001
-9.0046530783e-001 2.3344684404e-001 3.6696702903e-001
-2.4308646771e-001 -2.2980195938e-001 -5.4109040090e-001
6.5879592083e+003 -8.7328486893e-002 -1.6794049454e+000
4.4745197670e-001 -6.7387414932e-001 5.8794588138e-001
3.9726826001e-001 7.3877811769e-001 5.4441236431e-001
-8.0122697042e-001 -1.0026151273e-002 5.9827653987e-001
-2.0020884732e-001 -1.7468489053e-001 -6.2913491304e-001
6.5879592083e+003 -8.7328486893e-002 -1.6794049454e+000
7.4398701915e-001 -4.8623486184e-001 4.5832191140e-001
2.9435791112e-001 8.5426590100e-001 4.2846609032e-001
-5.9986393082e-001 -1.8386252888e-001 7.7868981949e-001
-1.2763579409e-001 -1.3359800928e-001 -6.9018259482e-001
6.5879592083e+003 -8.7328486893e-002 -1.6794049454e+000
9.0683199804e-001 -2.9639864141e-001 2.9967244234e-001
1.7966012034e-001 9.1497315270e-001 3.6131201336e-001
-3.8128462923e-001 -2.7381010794e-001 8.8297794780e-001
-5.4461598007e-002 -1.1322372476e-001 -7.1923943201e-001
6.5879592083e+003 -8.7328486893e-002 -1.6794049454e+000
9.9874748916e-001 -1.0419333200e-002 4.8937617312e-002
-5.0936665081e-003 9.5182240171e-001 3.0660751811e-001
-4.9774566337e-002 -3.0647276077e-001 9.5057716123e-001
5.5011048623e-002 -1.0252115971e-001 -7.2643370215e-001
6.5879592083e+003 -8.7328486893e-002 -1.6794049454e+000
9.5440910114e-001 2.3701017277e-001 -1.8146472294e-001
-1.7628482078e-001 9.3811470789e-001 2.9810142032e-001
2.4088779469e-001 -2.5252123246e-001 9.3712651095e-001
1.4805378725e-001 -1.0991041769e-001 -7.0242784849e-001
6.5879592083e+003 -8.7328486893e-002 -1.6794049454e+000
7.5919327111e-001 4.9079937355e-001 -4.2748280904e-001
-3.6710929028e-001 8.6524836430e-001 3.4143233162e-001
5.3745357575e-001 -1.0228021807e-001 8.3706774571e-001
2.3046169629e-001 -1.3929945704e-001 -6.4076559066e-001
6.5879592083e+003 -8.7328486893e-002 -1.6794049454e+000
4.1593471558e-001 6.6289389770e-001 -6.2255119690e-001
-5.1383770112e-001 7.3613656050e-001 4.4053805875e-001
7.5031268767e-001 1.3665520367e-001 6.4680462740e-001
2.8911694362e-001 -1.8969584367e-001 -5.4857953315e-001
6.5879592083e+003 -8.7328486893e-002 -1.6794049454e+000
-1.4822277686e-003 7.0802857983e-001 -7.0618222375e-001
-5.7943274921e-001 5.7494489452e-001 5.7766431204e-001
8.1501870662e-001 4.1004133743e-001 4.0940274724e-001
2.9718930307e-001 -2.5057851051e-001 -4.4605504730e-001
6.5879592083e+003 -8.7328486893e-002 -1.6794049454e+000
-3.3574347920e-001 6.4540014076e-001 -6.8610128588e-001
-5.6274298584e-001 4.4667708017e-001 6.9555727150e-001
7.5537848001e-001 6.1962750452e-001 2.1322548530e-001
2.6721230013e-001 -2.9811813694e-001 -3.6879752669e-001
6.3316820899e+003 -8.2187234981e-001 2.3881763254e+001
4.9080326840e-001 -5.4178807304e-001 6.8233264295e-001
-7.5444604967e-002 -8.0663290829e-001 -5.8621793119e-001
8.6799784753e-001 2.3623935992e-001 -4.3677305493e-001
-2.4353159117e-001 2.7280400006e-001 -7.6015983350e-002
6.3316820899e+003 -8.2187234981e-001 2.3881763254e+001
2.7169759605e-001 -6.9090226158e-001 6.6995110362e-001
-1.4239161697e-001 -7.1733573540e-001 -6.8202204520e-001
9.5179044107e-001 8.9908329198e-002 -2.9327708506e-001
-2.5656678059e-001 3.0729711562e-001 -1.2903524048e-001
6.3316820899e+003 -8.2187234981e-001 2.3881763254e+001
-3.0844690289e-002 -8.0684352355e-001 5.8995943385e-001
-1.8037776324e-001 -5.7605620267e-001 -7.9725975309e-001
9.8311365956e-001 -1.3100679325e-001 -1.2776835490e-001
-2.4722124877e-001 3.5156056233e-001 -1.9466723421e-001
6.3316820899e+003 -8.2187234981e-001 2.3881763254e+001
-3.7665504324e-001 -8.2188736705e-001 4.2735481077e-001
-1.5516092561e-001 -3.9883894841e-001 -9.0379897123e-001
9.1326670013e-001 -4.0672920859e-001 2.2699896745e-002
-2.0732903984e-001 3.9754310578e-001 -2.6259718018e-001
6.3316820899e+003 -8.2187234981e-001 2.3881763254e+001
-5.6391994965e-001 -7.7130315173e-001 2.9510292868e-001
-1.0403760104e-001 -2.8814253870e-001 -9.5191914308e-001
8.1924994230e-001 -5.6750799599e-001 8.2244796337e-002
-1.6741403502e-001 4.2152541685e-001 -2.9424434682e-001
6.3316820899e+003 -8.2187234981e-001 2.3881763254e+001
-7.4631755078e-001 -6.5433259422e-001 1.2189737301e-001
-1.2009311337e-002 -1.6987387547e-001 -9.8539263386e-001
6.6548169760e-001 -7.3687972056e-001 1.1892177084e-001
-1.1036405314e-001 4.4247368427e-001 -3.2139089231e-001
6.3316820899e+003 -8.2187234981e-001 2.3881763254e+001
-9.2003960521e-001 -3.5196187687e-001 -1.7219164344e-001
1.9289295704e-001 -2.4330070208e-002 -9.8091811830e-001
3.4105634720e-001 -9.3569807359e-001 9.0275595384e-002
-2.8649057321e-003 4.5682207932e-001 -3.3495853581e-001
6.3316820899e+003 -8.2187234981e-001 2.3881763254e+001
-9.1877351292e-001 -1.9170616089e-002 -3.9431931152e-001
3.9364131294e-001 3.1488727673e-002 -9.1872464687e-001
3.0029130914e-002 -9.9932024272e-001 -2.1384662455e-002
8.8553172960e-002 4.4667589555e-001 -3.1320913522e-001
6.3316820899e+003 -8.2187234981e-001 2.3881763254e+001
-8.0223685380e-001 2.6904348551e-001 -5.3294618237e-001
5.5879475522e-001 2.4151290118e-002 -8.2895424284e-001
-2.1015340095e-001 -9.6282517525e-001 -1.6971514363e-001
1.5452417559e-001 4.2288784113e-001 -2.7072345490e-001
6.3316820899e+003 -8.2187234981e-001 2.3881763254e+001
-5.9385428450e-001 5.2963514303e-001 -6.0565972629e-001
6.9627670893e-001 -3.8896213482e-002 -7.1671879365e-001
-4.0315733080e-001 -8.4733328734e-001 -3.4567393130e-001
2.0085288007e-001 3.8702126870e-001 -2.1323144650e-001
6.3316820899e+003 -8.2187234981e-001 2.3881763254e+001
-2.8322115123e-001 7.4859127287e-001 -5.9949719405e-001
7.9961156447e-001 -1.6082384745e-001 -5.7858191820e-001
-5.2953481988e-001 -6.4323152618e-001 -5.5303352363e-001
2.2281915949e-001 3.3846015259e-001 -1.3778389707e-001
6.3316820899e+003 -8.2187234981e-001 2.3881763254e+001
1.9667960335e-001 8.7157183724e-001 -4.4908759297e-001
8.2506499023e-001 -3.9457931970e-001 -4.0444396690e-001
-5.2970264821e-001 -2.9098057152e-001 -7.9670911346e-001
1.9864382113e-001 2.6900348945e-001 -3.7501274669e-002
6.3316820899e+003 -8.2187234981e-001 2.3881763254e+001
5.0978451830e-001 8.2054251541e-001 -2.5851445861e-001
7.5729476950e-001 -5.7058469618e-001 -3.1770699799e-001
-4.0819649312e-001 -3.3809538410e-002 -9.1226779956e-001
1.4426737712e-001 2.2743811339e-001 1.9560756243e-002
6.3316820899e+003 -8.2187234981e-001 2.3881763254e+001
7.5905585806e-001 6.5096056476e-001 -9.1949704949e-003
6.2477990581e-001 -7.3235229604e-001 -2.7075853410e-001
-1.8298708602e-001 1.9977601862e-001 -9.6260338080e-001
6.1454520956e-002 1.9791793705e-001 5.7856325530e-002
6.3316820899e+003 -8.2187234981e-001 2.3881763254e+001
8.9934222866e-001 3.2978494563e-001 2.8709832007e-001
4.0957040557e-001 -8.6526961818e-001 -2.8906845337e-001
1.5308702961e-001 3.7755844248e-001 -9.1324366074e-001
-4.9311400967e-002 1.8871151550e-001 6.4201443178e-002
6.3316820899e+003 -8.2187234981e-001 2.3881763254e+001
8.7518026455e-001 4.2191805758e-002 4.8195368665e-001
2.3686195483e-001 -9.0599839172e-001 -3.5080383202e-001
4.2184821785e-001 4.2117308287e-001 -8.0290554573e-001
-1.3124256451e-001 2.0016257384e-001 3.9467029888e-002
6.3316820899e+003 -8.2187234981e-001 2.3881763254e+001
7.5827714252e-001 -2.3374126944e-001 6.0858918335e-001
7.2742863113e-002 -8.9735111607e-001 -4.3528088673e-001
6.4786128993e-001 3.7433406664e-001 -6.6343783097e-001
-1.9358138795e-001 2.2210040486e-001 1.2656808132e-004
6.3316820899e+003 -8.2187234981e-001 2.3881763254e+001
6.0901153585e-001 -4.3289086657e-001 6.6461300532e-001
-3.5647733485e-002 -8.5202110507e-001 -5.2229232774e-001
7.9235988560e-001 2.9439010539e-001 -5.3432226001e-001
-2.2944662138e-001 2.4942480913e-001 -4.1559179177e-002
6.3316820899e+003 -8.2187234981e-001 2.3881763254e+001
4.7804773818e-001 -5.4751811201e-001 6.8680002697e-001
-9.2735253277e-002 -8.0902725203e-001 -5.8040940574e-001
8.7342460053e-001 2.1377282918e-001 -4.3752787875e-001
-2.4930369884e-001 2.6939537119e-001 -7.5460675200e-002
-8.0883551509e-002 9.9954858924e-003 4.1041594597e-001
130 86 38
2 0 0 40.9048 98.9272 1 0 -35.2388 107.6104
-8.0750537425e-002 9.9230486134e-003 4.1095880321e-001
113 70 32
7 0 1 51.0110 94.7488 1 1 -25.5103 102.5195 2 0 -87.5867 124.0421 25 0 269.8435 71.1143 26 0 183.7346 56.3512 27 0 118.4524 61.4481 28 0 -38.6028 88.4397
-7.1428792432e-002 3.3769152238e-003 4.1596803300e-001
155 116 77
12 0 2 319.8457 91.5193 1 2 232.4849 66.4490 3 0 -18.1821 80.4952 4 0 -100.8208 121.8643 5 0 -185.0164 178.1998 6 0 -277.8425 266.2880 7 0 -312.7092 310.8364 24 0 612.3101 256.7198 25 1 518.4670 190.4841 26 1 447.6968 146.2777 27 1 391.2456 113.3368 28 1 232.2695 89.7651
-7.8411910020e-002 8.5434911652e-003 4.1253751816e-001
135 99 65
2 0 3 119.2266 86.8942 1 3 39.6484 85.5582
-7.9424885373e-002 9.4245006870e-003 4.1182162360e-001
122 84 48
6 0 4 85.3274 84.7269 1 4 7.1079 88.2604 25 2 305.4536 77.9977 26 2 221.0020 58.9818 27 2 155.4673 59.5786 28 2 -2.8745 79.7137
-7.7966602002e-002 8.9107135209e-003 4.1305983140e-001
107 70 39
8 0 6 127.5320 71.6577 1 6 46.3696 69.7031 2 2 -22.9036 84.8726 3 1 -169.4016 133.3567 25 3 347.3550 84.6414 26 3 264.5669 60.8149 27 3 199.0933 54.3372 28 3 39.6729 66.3671
-7.3909439321e-002 7.2833988131e-003 4.1515646128e-001
164 119 63
2 0 7 228.5857 47.6141 1 7 139.6321 34.4860
-6.8112424870e-002 1.6395664285e-003 4.2184999330e-001
165 140 116
3 0 8 464.1853 47.7684 1 8 373.0227 4.1107 28 4 375.5212 48.8632
-1.0266479034e-001 -2.3510724652e-002 4.1239457308e-001
37 19 15
2 0 10 190.5286 882.2144 1 10 243.4683 862.2689
-9.5226934817e-002 -2.8750161087e-002 4.1914241588e-001
59 46 48
3 0 15 433.8958 860.4911 1 15 480.3279 813.1721 3 4 520.6594 712.4873
-1.0435208509e-001 -1.8228141977e-002 4.0884998055e-001
69 40 32
2 0 16 60.9580 829.7753 1 16 106.8140 826.8505
-8.8455986974e-002 -2.9187519787e-002 4.2070451189e-001
39 22 20
8 0 19 547.4541 801.1836 1 19 577.5691 742.1409 23 1 123.2439 923.9111 24 3 211.1804 906.7484 25 7 290.2012 900.9760 26 7 332.7458 876.3237 27 8 417.1265 850.8253 28 10 440.7031 804.7035
-9.4414416622e-002 -2.6501277998e-002 4.2173914475e-001
43 21 16
10 0 20 450.7920 791.1519 1 20 491.5945 741.9480 2 4 522.8591 701.3868 3 5 516.6709 638.9291 23 2 20.2949 832.6175 24 4 101.4512 830.8419 25 8 177.7170 844.4941 26 8 221.1934 832.1561 27 9 309.9233 820.8068 28 11 342.6604 793.6268
-9.6171652851e-002 -2.4689264714e-002 4.1993656139e-001
30 15 12
2 0 21 384.3130 788.1937 1 21 425.0503 745.7756
-1.0506195285e-001 -1.7038952367e-002 4.1351026846e-001
106 61 33
4 0 23 100.1863 774.2195 1 23 146.9209 765.7203 3 6 217.4119 753.8664 28 13 -9.0039 770.8704
-1.0557295715e-001 -1.3690758821e-002 4.0845120972e-001
91 51 40
15 0 25 -12.4548 760.7838 1 25 27.9265 766.4053 2 5 67.8315 774.8257 3 7 94.3442 788.7807 4 3 152.3223 803.1080 5 2 214.3452 809.5317 6 2 281.4299 808.3749 7 2 340.5374 775.4177 8 2 368.0745 754.6224 9 0 414.9072 703.1219 10 1 447.1147 657.7351 25 9 -192.0129 623.8837 26 10 -185.5095 655.5298 27 11 -130.5544 701.8933 28 15 -120.4500 755.2614
-1.0173785345e-001 -9.6943564970e-003 3.9796714169e-001
108 92 113
3 0 29 -156.2905 747.3545 1 29 -136.9617 772.1954 28 18 -260.4802 738.6050
-1.0463075840e-001 -1.5737243963e-002 4.1405165033e-001
109 64 35
4 0 30 97.7417 743.2967 1 30 140.2029 734.9713 3 9 203.4531 725.5547 28 19 -11.0398 739.4293
-9.0604164769e-002 -2.6088873794e-002 4.2333133300e-001
49 26 20
2 0 31 515.9004 740.5797 1 31 546.4751 683.3053
-9.0482772802e-002 -2.5693408650e-002 4.2360018666e-001
35 20 17
10 0 32 516.4297 730.7429 1 32 546.4045 674.0494 21 1 -67.4084 799.6487 22 1 14.1353 823.4733 23 3 113.1672 835.5834 24 7 195.7717 820.3463 25 11 268.9448 817.3018 26 13 308.5488 795.5922 27 15 389.5750 773.9880 28 20 409.6831 734.2522
-8.8985294364e-002 -2.6255757300e-002 4.2368303078e-001
44 25 18
2 0 33 543.5134 727.0292 1 33 570.4817 668.1162
-1.0477353645e-001 -1.0742894136e-002 4.0626956440e-001
113 73 69
7 0 34 -66.8999 718.8747 1 34 -34.6589 733.0045 2 9 -0.7959 748.4111 3 10 18.4888 775.0232 4 6 73.1057 798.9097 5 3 133.1655 815.9853 28 21 -173.2461 712.4626
-1.0497354125e-001 -1.3998269942e-002 4.1356830945e-001
144 106 76
9 0 35 67.3025 718.6178 1 35 107.1978 714.5538 2 10 145.1926 714.6808 3 11 166.5393 714.8040 5 4 271.0039 717.8403 23 4 -163.6165 517.1589 24 8 -142.3115 549.0078 25 12 -129.4453 615.6504 28 22 -41.0251 714.0397
-9.0771418861e-002 -2.3836344005e-002 4.2541365445e-001
39 21 16
9 0 37 513.6426 683.7200 1 37 540.6912 626.7136 2 12 559.3984 582.8148 21 2 -52.4077 764.8279 22 2 27.3601 785.4995 23 5 124.0417 794.8350 24 9 204.1448 778.2855 25 13 274.9719 772.7946 26 14 312.6289 749.6172
-1.0301695440e-001 -1.5121809380e-002 4.1887462004e-001
82 53 58
2 0 38 173.6257 680.2781 1 38 211.9551 660.8295
-1.0559316015e-001 -1.0954562809e-002 4.1299427431e-001
162 117 59
3 0 39 16.2681 673.2864 1 39 52.1345 676.6228 28 24 -90.8262 668.2816
-1.0427814894e-001 -8.7306359537e-003 4.0945903515e-001
126 87 67
4 0 40 -40.5291 652.6602 1 40 -13.8867 663.0935 2 13 15.3052 675.4100 28 25 -146.9004 645.8872
-1.0402773060e-001 -7.9157089531e-003 4.0934999603e-001
143 101 87
3 0 41 -48.3879 636.6667 1 41 -24.0842 648.5551 28 26 -154.5046 629.4694
-1.0468590430e-001 -8.7128017458e-003 4.1337564677e-001
109 63 33
3 0 42 6.7327 622.4619 1 42 35.5027 627.1351 2 15 65.5432 635.3523
-7.0576411072e-002 -1.6150258851e-002 4.0591847904e-001
89 55 49
3 0 44 435.9673 536.7357 1 44 382.6262 497.2839 4 10 134.7473 472.1423
-7.4991013001e-002 -7.6803784854e-003 3.9749565955e-001
79 43 23
8 0 48 152.8831 486.1346 1 48 91.7830 481.0502 3 15 -84.6572 526.4478 24 10 401.4976 511.1088 25 15 304.5847 489.1156 26 17 236.2209 471.2974 27 17 193.5332 469.5211 28 31 63.8159 481.5801
-6.5014393040e-002 -1.5512166360e-002 4.0804648167e-001
139 109 83
6 0 51 533.2024 457.0522 1 51 464.6870 406.6183 25 17 626.1470 623.3052 26 19 586.4319 566.7817 27 19 564.4265 514.6681 28 33 443.7876 459.5454
-7.2194348924e-002 -8.2203910974e-003 3.9996531066e-001
99 56 26
3 0 52 231.9663 450.6038 1 52 164.9414 435.8658 27 20 277.9626 449.3737
-8.2231870168e-002 -8.7057054909e-004 3.9582867219e-001
101 67 56
2 0 54 -49.3164 434.2771 1 54 -104.4521 452.8850
-7.9720831792e-002 -4.8804555834e-004 3.9739717081e-001
77 43 25
7 0 55 1.1770 391.2108 1 55 -62.4380 404.7010 24 12 313.3193 335.3722 25 18 187.7810 332.7455 26 20 106.1729 328.5792 27 22 50.0286 344.5591 28 35 -89.3147 383.5260
-7.6090054652e-002 -2.6745067993e-003 3.9873133415e-001
65 33 21
4 0 56 93.7654 389.1986 1 56 25.9846 391.2892 27 23 148.2241 361.7705 28 36 4.5239 383.0472
-7.2680083814e-002 -3.8565802551e-003 4.0063502297e-001
122 76 34
4 0 59 180.5486 364.9222 1 59 105.8250 357.1218 2 21 39.1731 365.7957 3 18 -104.7952 403.5325
-6.9275443839e-002 -6.3964729726e-003 4.0313267851e-001
131 89 45
2 0 60 293.3584 361.5728 1 60 214.2263 340.6051
-8.0268205658e-002 6.7150770819e-004 3.9969356191e-001
94 59 42
5 0 61 12.5754 354.4376 1 61 -51.0518 365.5203 26 23 115.8188 296.3130 27 26 60.3691 311.6842 28 38 -78.9333 347.7806
-7.3446739884e-002 -2.5443423528e-003 4.0044475430e-001
140 109 74
7 0 62 151.8594 347.8762 1 62 74.7163 344.6990 24 13 464.8884 395.5791 25 21 352.5342 362.9698 26 24 273.0466 339.6559 27 27 214.4424 333.1047 28 39 64.5789 342.9183
-7.1886550730e-002 -3.5612138551e-003 4.0152220108e-001
146 117 86
2 0 63 200.3083 344.2227 1 63 122.1301 334.7310
-8.4801269666e-002 3.5834609442e-003 4.0032836611e-001
84 51 39
6 0 64 -72.1355 334.8345 1 64 -128.2747 356.2037 25 22 100.6357 240.7151 26 25 21.8149 246.6299 27 28 -31.2656 273.9843 28 40 -164.7332 326.8563
-7.9855884965e-002 1.8707945760e-003 4.0021362032e-001
104 66 43
9 0 67 9.2529 324.1521 1 67 -56.2021 336.5300 2 23 -110.3110 362.0671 23 6 402.9988 323.4750 24 14 333.5222 279.1012 25 24 207.2917 272.6753 26 27 123.8430 265.9462 27 31 63.7971 279.9939 28 43 -78.8726 316.5436
-7.8193852663e-002 6.8480545200e-004 4.0087417412e-001
91 47 21
6 0 68 55.7893 325.8158 1 68 -13.3169 332.7233 25 25 249.3774 295.9835 26 28 169.1816 283.6666 27 32 110.9734 291.2010 28 44 -34.5193 319.2186
-7.9080133024e-002 1.6622713124e-003 4.0042543514e-001
121 86 49
6 0 69 25.4741 318.9296 1 69 -42.7329 329.9911 25 26 224.8040 275.6084 26 29 141.7751 266.9113 27 33 82.0146 278.3678 28 45 -63.6611 312.1106
-7.6497712579e-002 5.3867136013e-004 4.0166044164e-001
120 85 51
7 0 70 90.0625 307.1553 1 70 17.1204 309.8252 2 24 -43.6885 328.4314 25 27 292.9675 294.0743 26 30 211.0898 277.7950 27 34 151.0906 279.4364 28 46 2.1262 300.0222
-8.4223330329e-002 4.7409085176e-003 4.0107691394e-001
96 63 44
8 0 72 -68.8438 301.8605 1 72 -128.6084 322.9012 2 25 -173.4436 355.5770 3 21 -274.3027 425.4031 4 17 -295.7021 495.3767 24 15 250.4480 203.2988 25 28 118.6912 212.9603 27 35 -22.1340 242.5773
-6.7358796707e-002 -7.9121622937e-003 4.1236350654e-001
120 77 43
8 0 74 464.9194 296.2563 1 74 387.5085 253.2943 2 26 313.9236 231.4323 3 22 144.9277 221.6650 4 18 58.1606 241.9843 5 11 -36.7893 276.7422 6 6 -148.9619 340.5320 7 5 -201.4136 370.4589
-8.0304443000e-002 3.1925296007e-003 4.0207725111e-001
95 56 34
11 0 77 14.4421 287.7454 1 77 -52.7004 299.3572 2 28 -107.0522 324.2847 3 24 -225.5159 385.4943 4 19 -262.5571 449.3447 23 8 407.8044 293.1322 24 17 338.6660 247.4731 25 30 211.4795 239.0725 26 33 128.8672 231.7666 27 38 69.4104 244.6962 28 49 -75.6560 279.8406
-7.4669080364e-002 -2.0898513616e-004 4.0403550125e-001
105 67 52
4 0 78 157.4626 284.7167 1 78 81.0981 279.8782 2 29 15.3572 291.0808 28 50 68.0222 279.6771
-8.0364042886e-002 3.6106446058e-003 4.0217329016e-001
123 87 57
10 0 79 9.8198 279.3402 1 79 -58.0400 291.6030 21 3 593.0813 450.9611 22 5 528.4519 362.7562 23 9 409.1123 284.0721 24 18 338.9082 237.9059 25 31 210.1233 229.5781 26 34 126.7595 222.5990 27 39 66.3733 235.9540 28 51 -80.0107 271.9836
-8.8067599491e-002 7.3777850165e-003 4.0301670788e-001
92 57 32
7 0 80 -121.3025 271.6013 1 80 -173.7600 298.6742 23 10 268.2019 158.3445 24 19 186.3643 133.6851 26 35 -29.2209 165.7224 27 40 -83.4993 200.5815 28 52 -213.6692 261.7079
-7.6183880628e-002 1.5375014507e-003 4.0413501997e-001
120 82 40
4 0 81 117.3323 264.9036 1 81 41.6819 264.0133 2 30 -22.4141 279.5933 3 25 -159.1921 327.3715
-7.2044994283e-002 -1.2454099692e-003 4.0710616195e-001
131 94 59
2 0 85 247.1899 255.3466 1 84 167.0417 239.3297
-6.9436072629e-002 -9.2237051307e-003 4.2673459502e-001
179 153 157
2 0 87 640.7742 224.1654 1 86 580.2180 156.8025
-8.3131978760e-002 6.9484200024e-003 4.0512589243e-001
124 80 43
8 0 89 -24.5574 217.8728 1 88 -89.8003 234.2947 23 13 378.9641 196.2770 24 21 305.5151 154.7679 25 34 173.7344 152.6735 26 39 90.1301 149.2280 27 45 29.2112 167.9209 28 57 -115.1934 210.0009
-8.7145387999e-002 9.2131495345e-003 4.0538093874e-001
131 87 38
4 0 90 -98.6274 210.0701 1 89 -156.5125 235.1646 26 40 5.5103 114.1808 27 46 -52.5144 144.4456
-9.0967268928e-002 1.0714091990e-002 4.0622541427e-001
113 70 32
7 0 91 -151.9275 209.9609 1 90 -201.4531 240.6759 23 14 237.4587 71.7351 25 35 17.1250 78.8038 26 41 -63.9734 93.8632 27 47 -116.9348 133.3408 28 58 -245.3357 200.5093
-8.1117928545e-002 5.7709381961e-003 4.0676159054e-001
129 92 49
4 0 92 38.5242 208.8744 1 91 -30.2563 217.1964 2 32 -85.5425 239.7078 28 59 -52.2229 201.7318
-7.6144734276e-002 3.1614706678e-003 4.1009467447e-001
129 82 42
3 0 93 180.2805 185.6021 1 92 104.2673 177.3483 27 48 240.7366 177.2090
-8.0490904903e-002 7.2742742335e-003 4.0833521125e-001
133 91 52
2 0 94 49.9080 162.3296 1 93 -22.6274 169.7213
-6.8952516015e-002 -1.3763707177e-003 4.1654574268e-001
129 94 69
7 0 95 418.9250 153.2880 1 94 334.1431 115.9103 2 33 255.6338 99.4569 3 27 80.5251 100.6577 4 20 -8.4536 129.3816 5 13 -103.4338 173.0417 23 15 669.9060 456.0850
-8.4238571308e-002 1.0036307708e-002 4.0837067610e-001
119 80 37
3 0 96 -30.6807 145.1923 1 95 -97.4971 161.2926 28 60 -120.8369 137.2855
-7.5268357073e-002 6.1567524591e-003 4.1231442919e-001
130 86 37
8 0 98 184.9939 104.1674 1 97 102.2107 94.8987 2 34 29.9236 103.9749 3 28 -125.8706 143.9083 4 21 -193.0286 198.1406 26 42 322.2095 112.7261 27 49 258.0947 98.1635 28 62 97.3655 99.5739
-7.8747496904e-002 8.8003643052e-003 4.1162715148e-001
120 85 56
3 0 100 99.3838 92.0457 1 99 19.7905 93.5470 28 64 10.3621 86.4053
-7.5875783182e-002 7.6619562123e-003 4.1421218864e-001
126 90 56
4 0 101 185.4602 66.4869 1 100 101.6086 58.1896 2 36 27.6726 66.6619 28 65 97.1897 62.3203
-7.8817556695e-002 9.9796672867e-003 4.1222518247e-001
119 75 34
3 0 102 92.3474 65.8142 1 101 11.1167 68.6627 2 37 -57.3262 87.8184
-7.5540843518e-002 8.5779434343e-003 4.1472267099e-001
133 88 36
3 0 103 185.7068 42.5946 1 102 98.6726 33.7440 28 66 97.9805 38.1068
-1.0902420390e-001 -2.3382176732e-002 4.1134206861e-001
58 42 46
4 0 104 95.9292 937.0793 1 103 165.4885 927.3801 25 36 -208.3301 826.0990 28 67 -15.8806 933.6790
-1.0266695470e-001 -2.4132123399e-002 4.1382861703e-001
62 32 29
3 0 106 216.4126 880.5173 1 105 271.1846 858.4160 28 69 106.3250 879.0269
-9.9742349910e-002 -2.3995257314e-002 4.1278488135e-001
40 26 23
3 0 107 237.7124 864.4877 1 106 284.6396 840.7542 28 70 129.4282 863.1414
-9.5890223640e-002 -2.5892317352e-002 4.1478246574e-001
34 25 24
3 0 108 334.5825 851.8372 1 107 376.6194 816.5922 28 71 228.1335 851.8356
-9.9817956303e-002 -2.3878361089e-002 4.1791940730e-001
35 16 12
4 0 112 302.8816 818.7441 1 111 350.1318 786.4992 27 53 156.3059 819.5278 28 75 193.1243 818.4595
-1.0639246253e-001 -1.4451341116e-002 4.0465864157e-001
72 54 68
9 0 113 -64.5569 813.7245 1 112 -21.4172 825.1790 2 39 21.2993 838.3693 3 30 56.1084 859.9347 4 23 121.1992 878.4335 5 16 190.2410 888.4309 6 7 270.2009 890.4442 7 6 339.1187 859.6719 28 76 -172.8303 807.0731
-1.0100910497e-001 -2.1182694599e-002 4.1418365530e-001
37 25 37
6 0 115 207.7644 810.9617 1 114 252.1289 790.2778 2 41 292.1707 775.4532 3 32 308.6250 752.5586 5 17 391.5652 719.9063 28 78 97.9778 809.4620
-1.0448156383e-001 -1.8717132104e-002 4.1324194371e-001
59 26 17
4 0 116 123.0137 801.8657 1 115 172.0706 791.3429 2 42 215.6921 783.7126 28 79 14.0112 798.9726
-1.0607769107e-001 -1.4795248775e-002 4.0679240655e-001
90 52 49
3 0 117 -27.3767 798.8981 1 116 14.8608 806.4855 27 55 -150.9038 736.8835
-1.0525178308e-001 -1.7604453603e-002 4.1292337244e-001
84 42 18
3 0 119 96.3994 790.7661 1 118 144.6887 783.1541 28 80 -12.3259 787.2141
-9.3275205594e-002 -2.6631423089e-002 4.2206912935e-001
48 24 19
8 0 121 470.4827 781.7202 1 121 510.4771 730.3591 23 19 44.1384 842.0153 24 24 126.8579 836.7864 25 40 202.4832 845.0874 26 48 246.3562 829.7878 27 58 332.8416 814.8411 28 83 363.4841 784.1809
-9.2140024030e-002 -2.6876748925e-002 4.2213836098e-001
44 23 18
3 0 122 489.5823 776.8934 1 122 525.8438 722.9619 28 84 382.6338 779.6700
