<?xml version="1.0" encoding="UTF-8"?>
<document version="1.1.0">
  <chunk>
    <sensors>
      <sensor id="0" label="Canon EOS 600D (42 mm)" type="frame">
        <resolution width="5184" height="3456"/>
        <property name="pixel_width" value="4.4035976080246883e-003"/>
        <property name="pixel_height" value="4.4035976080246883e-003"/>
        <property name="focal_length" value="4.2000000000000000e+001"/>
        <property name="fixed" value="false"/>
        <calibration type="frame" class="adjusted">
          <resolution width="5184" height="3456"/>
          <fx>9.6221606793415922e+003</fx>
          <fy>9.5650850101271226e+003</fy>
          <cx>2.6445723064570934e+003</cx>
          <cy>1.4936156532954733e+003</cy>
          <skew>2.8850069460670307e+000</skew>
          <k1>3.6190999465567373e-003</k1>
          <k2>-5.4088858304656071e+001</k2>
          <k3>6.1844237078458318e+003</k3>
          <p1>-4.0873467295545066e-003</p1>
          <p2>2.4764049732606658e-003</p2>
        </calibration>
      </sensor>
      <sensor id="1" label="Canon EOS 600D (28 mm)" type="frame">
        <resolution width="5184" height="3456"/>
        <property name="pixel_width" value="4.4035976080246883e-003"/>
        <property name="pixel_height" value="4.4035976080246883e-003"/>
        <property name="focal_length" value="2.8000000000000000e+001"/>
        <property name="fixed" value="false"/>
        <calibration type="frame" class="adjusted">
          <resolution width="5184" height="3456"/>
          <fx>6.5967650997870987e+003</fx>
          <fy>6.5791533167892030e+003</fy>
          <cx>2.4592816949980570e+003</cx>
          <cy>1.4977349982597125e+003</cy>
          <skew>5.4265971026808675e+000</skew>
          <k1>-8.7328486893134424e-002</k1>
          <k2>-1.6794049453570103e+000</k2>
          <k3>-2.0017771295520507e+001</k3>
          <p1>-1.2044195218026911e-002</p1>
          <p2>9.7399839444296940e-004</p2>
        </calibration>
      </sensor>
      <sensor id="2" label="Canon EOS 600D (42 mm)" type="frame">
        <resolution width="5184" height="3456"/>
        <property name="pixel_width" value="4.4035976080246883e-003"/>
        <property name="pixel_height" value="4.4035976080246883e-003"/>
        <property name="focal_length" value="4.2000000000000000e+001"/>
        <property name="fixed" value="false"/>
        <calibration type="frame" class="adjusted">
          <resolution width="5184" height="3456"/>
          <fx>9.2859728382264911e+003</fx>
          <fy>9.1682482155602829e+003</fy>
          <cx>2.6359166977979985e+003</cx>
          <cy>1.3120719492459434e+003</cy>
          <skew>2.3001216410806403e+001</skew>
          <k1>8.0521275061902631e-001</k1>
          <k2>-2.8366605272490864e+002</k2>
          <k3>1.4270440745337732e+004</k3>
          <p1>-3.2818819387848100e-002</p1>
          <p2>2.2638554239322029e-002</p2>
        </calibration>
      </sensor>
      <sensor id="3" label="Canon EOS 600D (28 mm)" type="frame">
        <resolution width="5184" height="3456"/>
        <property name="pixel_width" value="4.4035976080246883e-003"/>
        <property name="pixel_height" value="4.4035976080246883e-003"/>
        <property name="focal_length" value="2.8000000000000000e+001"/>
        <property name="fixed" value="false"/>
        <calibration type="frame" class="adjusted">
          <resolution width="5184" height="3456"/>
          <fx>6.3763679754477662e+003</fx>
          <fy>6.2869962043373662e+003</fy>
          <cx>2.5944249978034331e+003</cx>
          <cy>1.8155733146078430e+003</cy>
          <skew>6.3916445641027302e+000</skew>
          <k1>-8.2187234980910373e-001</k1>
          <k2>2.3881763254016505e+001</k2>
          <k3>-4.1710135624675627e+002</k3>
          <p1>-4.4288790649785789e-002</p1>
          <p2>3.5697929654724004e-003</p2>
        </calibration>
      </sensor>
    </sensors>
    <cameras>
      <camera id="0" label="IMG_3569.JPG" sensor_id="0" enabled="true">
        <transform>5.6941875455415425e-001 4.0728256706275140e-001 -7.1406105658323882e-001 1.9245571904219214e+000 -5.4033292738857730e-001 8.4006562032381382e-001 4.8270913909479768e-002 -1.3895037320140532e-001 6.1951804617919448e-001 3.5834433735827509e-001 6.9841730100389998e-001 9.2084046473704328e-001 0.0000000000000000e+000 0.0000000000000000e+000 0.0000000000000000e+000 1.0000000000000000e+000</transform>
        <orientation>1</orientation>
      </camera>
      <camera id="1" label="IMG_3570.JPG" sensor_id="0" enabled="true">
        <transform>4.4469835375453792e-001 4.6780015708560380e-001 -7.6381043930983838e-001 2.1235385560065994e+000 -6.3370751754872967e-001 7.6697866027252859e-001 1.0078946814416523e-001 -3.4605231916786472e-001 6.3297563647444632e-001 4.3921150681333665e-001 6.3752262384367819e-001 1.1576837296557743e+000 0.0000000000000000e+000 0.0000000000000000e+000 0.0000000000000000e+000 1.0000000000000000e+000</transform>
        <orientation>1</orientation>
      </camera>
      <camera id="2" label="IMG_3571.JPG" sensor_id="0" enabled="true">
        <transform>3.2179080518878173e-001 5.0798274088287021e-001 -7.9900201042367991e-001 2.2688206624557115e+000 -7.0322876896367903e-001 6.9328664774100623e-001 1.5755291989000544e-001 -5.6723153433035556e-001 6.3397158942478171e-001 5.1118211923850065e-001 5.8032134612906616e-001 1.3790676594247930e+000 0.0000000000000000e+000 0.0000000000000000e+000 0.0000000000000000e+000 1.0000000000000000e+000</transform>
        <orientation>1</orientation>
      </camera>
      <camera id="3" label="IMG_3572.JPG" sensor_id="0" enabled="true">
        <transform>1.1195216050340441e-001 5.4598693279486132e-001 -8.3028006297627044e-001 2.4022260014133243e+000 -7.8858150064284305e-001 5.5721714416250467e-001 2.6009281246367444e-001 -9.7852077309506769e-001 6.0465356246573265e-001 6.2562554572894646e-001 4.9293685795328418e-001 1.7352467587776756e+000 0.0000000000000000e+000 0.0000000000000000e+000 0.0000000000000000e+000 1.0000000000000000e+000</transform>
        <orientation>1</orientation>
      </camera>
      <camera id="4" label="IMG_3573.JPG" sensor_id="0" enabled="true">
        <transform>-4.8627885204348978e-002 5.4801537870685946e-001 -8.3505357521618329e-001 2.4290586977382955e+000 -8.2415682430960169e-001 4.5029783936588352e-001 3.4350747416370592e-001 -1.3006075242831139e+000 5.6427019921706367e-001 7.0491914469901751e-001 4.2975358254741836e-001 1.9864332156867608e+000 0.0000000000000000e+000 0.0000000000000000e+000 0.0000000000000000e+000 1.0000000000000000e+000</transform>
        <orientation>1</orientation>
      </camera>
      <camera id="5" label="IMG_3574.JPG" sensor_id="0" enabled="true">
        <transform>-2.2326492482761509e-001 5.2594998878007049e-001 -8.2068835902793413e-001 2.3815765924529129e+000 -8.3664814257745634e-001 3.2862236853970589e-001 4.3820911037659432e-001 -1.6696287390877196e+000 5.0017262906261872e-001 7.8446411530266791e-001 3.6666523279278967e-001 2.2394847071899910e+000 0.0000000000000000e+000 0.0000000000000000e+000 0.0000000000000000e+000 1.0000000000000000e+000</transform>
        <orientation>1</orientation>
      </camera>
      <camera id="6" label="IMG_3575.JPG" sensor_id="0" enabled="true">
        <transform>-4.2714566988987235e-001 4.6379941894287885e-001 -7.7616794296246239e-001 2.2173006375392244e+000 -8.1355687866524740e-001 1.7743995077329722e-001 5.5375108943100926e-001 -2.1256136642707233e+000 3.9455263510815897e-001 8.6798914904382174e-001 3.0153450096363787e-001 2.5056163875600848e+000 0.0000000000000000e+000 0.0000000000000000e+000 0.0000000000000000e+000 1.0000000000000000e+000</transform>
        <orientation>1</orientation>
      </camera>
      <camera id="7" label="IMG_3576.JPG" sensor_id="0" enabled="true">
        <transform>-5.5822565591816575e-001 3.9768888273259517e-001 -7.2816733628035912e-001 2.0339238651075018e+000 -7.7035302540323125e-001 7.7496379504940260e-002 6.3289061251982104e-001 -2.4355329572055653e+000 3.0812389282043995e-001 9.1424168780171344e-001 2.6310036670185677e-001 2.6534148105434143e+000 0.0000000000000000e+000 0.0000000000000000e+000 0.0000000000000000e+000 1.0000000000000000e+000</transform>
        <orientation>1</orientation>
      </camera>
      <camera id="8" label="IMG_3577.JPG" sensor_id="0" enabled="true">
        <transform>-6.8537440509447312e-001 3.0661936240329646e-001 -6.6048958465731555e-001 1.7687627185193344e+000 -6.9951936038413853e-001 -2.5216058010618436e-002 7.1416861795109066e-001 -2.7632693375671380e+000 2.0232298260247866e-001 9.5149814346524142e-001 2.3176862102760165e-001 2.7850827974637138e+000 0.0000000000000000e+000 0.0000000000000000e+000 0.0000000000000000e+000 1.0000000000000000e+000</transform>
        <orientation>1</orientation>
      </camera>
      <camera id="9" label="IMG_3578.JPG" sensor_id="0" enabled="true">
        <transform>-8.2040859662492160e-001 1.5462666581416509e-001 -5.5047282294689270e-001 1.3366984000269477e+000 -5.7010507496613794e-001 -1.4762995148030600e-001 8.0819898597051998e-001 -3.1384123272736200e+000 4.3702838372133956e-002 9.7688074586671891e-001 2.0927032821951153e-001 2.8775996947935649e+000 0.0000000000000000e+000 0.0000000000000000e+000 0.0000000000000000e+000 1.0000000000000000e+000</transform>
        <orientation>1</orientation>
      </camera>
      <camera id="10" label="IMG_3579.JPG" sensor_id="0" enabled="true">
        <transform>-9.0513922445558803e-001 -6.8769691331292404e-003 -4.2505963304868011e-001 8.4584229126613619e-001 -4.1181043211339213e-001 -2.3400623311503366e-001 8.8071178649197912e-001 -3.4294945772671643e+000 -1.0552323134986849e-001 9.7221077455398230e-001 2.0897621272917033e-001 2.8859685795619834e+000 0.0000000000000000e+000 0.0000000000000000e+000 0.0000000000000000e+000 1.0000000000000000e+000</transform>
        <orientation>1</orientation>
      </camera>
      <camera id="11" label="IMG_3580.JPG" sensor_id="0" enabled="true">
        <transform>-9.3987018828046598e-001 -2.0426951315793609e-001 -2.7371151816440087e-001 2.5132350809611814e-001 -2.0744717919363323e-001 -2.9520447652173443e-001 9.3264140208663970e-001 -3.6385939717655540e+000 -2.7131107059286397e-001 9.3334253253333965e-001 2.3507875262984790e-001 2.7875766659867081e+000 0.0000000000000000e+000 0.0000000000000000e+000 0.0000000000000000e+000 1.0000000000000000e+000</transform>
        <orientation>1</orientation>
      </camera>
      <camera id="12" label="IMG_3581.JPG" sensor_id="0" enabled="true">
        <transform>-9.1253795409526239e-001 -3.8760284794969024e-001 -1.3053166128155305e-001 -3.0639926915546917e-001 -3.5782354709671116e-003 -3.1157613100683024e-001 9.5021445517195158e-001 -3.7127191048920190e+000 -4.0897637898361205e-001 8.6757382789483906e-001 2.8293811087470899e-001 2.6046539656868677e+000 0.0000000000000000e+000 0.0000000000000000e+000 0.0000000000000000e+000 1.0000000000000000e+000</transform>
        <orientation>1</orientation>
      </camera>
      <camera id="13" label="IMG_3582.JPG" sensor_id="0" enabled="true">
        <transform>-8.1806816133375870e-001 -5.7493518545107836e-001 1.4629283726056042e-002 -8.7675598631221885e-001 2.1570120076068020e-001 -2.8313992514522868e-001 9.3450777138510488e-001 -3.6562484021878965e+000 -5.3313926454764515e-001 7.6764660835510035e-001 3.5564196782509783e-001 2.3236660614875211e+000 0.0000000000000000e+000 0.0000000000000000e+000 0.0000000000000000e+000 1.0000000000000000e+000</transform>
        <orientation>1</orientation>
      </camera>
      <camera id="14" label="IMG_3583.JPG" sensor_id="0" enabled="true">
        <transform>-7.3061018271522349e-001 -6.7588693384651855e-001 9.6879376383105537e-002 -1.2029264769377974e+000 3.4544024486201264e-001 -2.4350301829038867e-001 9.0629869100266458e-001 -3.5498430254659561e+000 -5.8896502285152763e-001 6.9561708772788367e-001 4.1138433261182561e-001 2.1073816433534382e+000 0.0000000000000000e+000 0.0000000000000000e+000 0.0000000000000000e+000 1.0000000000000000e+000</transform>
        <orientation>1</orientation>
      </camera>
      <camera id="15" label="IMG_3584.JPG" sensor_id="0" enabled="true">
        <transform>-6.1164678562638852e-001 -7.7145128997771761e-001 1.7535996357385070e-001 -1.5157444860445466e+000 4.7632286231938437e-001 -1.8211933157988219e-001 8.6020292948627297e-001 -3.3744646784292041e+000 -6.3166822024285474e-001 6.0966831659240128e-001 4.7885259034342931e-001 1.8454905926868375e+000 0.0000000000000000e+000 0.0000000000000000e+000 0.0000000000000000e+000 1.0000000000000000e+000</transform>
        <orientation>1</orientation>
      </camera>
      <camera id="16" label="IMG_3585.JPG" sensor_id="0" enabled="true">
        <transform>-4.0278185644599901e-001 -8.7687906733070553e-001 2.6239260163950240e-001 -1.8644277498669526e+000 6.3467887072402396e-001 -6.1011119786044843e-002 7.7036379348910888e-001 -3.0242907984950262e+000 -6.5950701829047453e-001 4.7682359897522353e-001 5.8111078830625984e-001 1.4433362265434011e+000 0.0000000000000000e+000 0.0000000000000000e+000 0.0000000000000000e+000 1.0000000000000000e+000</transform>
        <orientation>1</orientation>
      </camera>
      <camera id="17" label="IMG_3586.JPG" sensor_id="0" enabled="true">
        <transform>-1.1786259524705373e-001 -9.4010269925673962e-001 3.1986766559285290e-001 -2.0939126458711104e+000 7.6445770073810815e-001 1.1969331574871908e-001 6.3346502188146281e-001 -2.4951184550849179e+000 -6.3380819845110392e-001 3.1918713165675927e-001 7.0456138310362737e-001 9.5961221693070275e-001 0.0000000000000000e+000 0.0000000000000000e+000 0.0000000000000000e+000 1.0000000000000000e+000</transform>
        <orientation>1</orientation>
      </camera>
      <camera id="18" label="IMG_3587.JPG" sensor_id="0" enabled="true">
        <transform>1.4877712457962594e-001 -9.3563413135183371e-001 3.2008458171445536e-001 -2.1092046140929219e+000 8.1576050557248769e-001 2.9907877739449018e-001 4.9506230159479547e-001 -1.9514723958091109e+000 -5.5892769187967206e-001 1.8745841448629710e-001 8.0774945254598940e-001 5.5175239657377906e-001 0.0000000000000000e+000 0.0000000000000000e+000 0.0000000000000000e+000 1.0000000000000000e+000</transform>
        <orientation>1</orientation>
      </camera>
      <camera id="19" label="IMG_3588.JPG" sensor_id="0" enabled="true">
        <transform>3.8514797248099070e-001 -8.7889880646700602e-001 2.8142126302867465e-001 -1.9634559874536313e+000 8.0467802017217593e-001 4.6913525628541486e-001 3.6387552152048586e-001 -1.4381428663034619e+000 -4.5183439792203683e-001 8.6307585419188870e-002 8.8791704429723617e-001 2.3276737499116357e-001 0.0000000000000000e+000 0.0000000000000000e+000 0.0000000000000000e+000 1.0000000000000000e+000</transform>
        <orientation>1</orientation>
      </camera>
      <camera id="20" label="IMG_3589.JPG" sensor_id="0" enabled="true">
        <transform>6.1868177615991760e-001 -7.6110797122914942e-001 1.9480122170833017e-001 -1.6385210956438858e+000 7.2693167720820273e-001 6.4862186624340279e-001 2.2552164264698576e-001 -8.9584454575182348e-001 -2.9799865187426455e-001 2.0810483833040155e-003 9.5456402232576698e-001 -3.2923649918655463e-002 0.0000000000000000e+000 0.0000000000000000e+000 0.0000000000000000e+000 1.0000000000000000e+000</transform>
        <orientation>1</orientation>
      </camera>
      <camera id="21" label="IMG_3590.JPG" sensor_id="0" enabled="true">
        <transform>7.5880675420157007e-001 -6.4223349701338250e-001 1.0839024445050197e-001 -1.2990556421076551e+000 6.2887652933223115e-001 7.6575355996113248e-001 1.3466921051933009e-001 -5.3220291111419737e-001 -1.6948929356489004e-001 -3.4023825781556973e-002 9.8494454597508219e-001 -1.5722072030297840e-001 0.0000000000000000e+000 0.0000000000000000e+000 0.0000000000000000e+000 1.0000000000000000e+000</transform>
        <orientation>1</orientation>
      </camera>
      <camera id="22" label="IMG_3591.JPG" sensor_id="0" enabled="true">
        <transform>8.7895897835019965e-001 -4.7657010249357667e-001 -1.7664987597934272e-002 -8.0624905340431663e-001 4.7687708394868000e-001 8.7797661963944806e-001 4.1776813797745581e-002 -1.6534430532714892e-001 -4.4001343362395735e-003 -4.5144133348085473e-002 9.9897079338791150e-001 -2.1708520436270248e-001 0.0000000000000000e+000 0.0000000000000000e+000 0.0000000000000000e+000 1.0000000000000000e+000</transform>
        <orientation>1</orientation>
      </camera>
      <camera id="23" label="IMG_3593.JPG" sensor_id="0" enabled="true">
        <transform>9.4837781608241389e-001 -2.5544740470647681e-001 -1.8795249769948971e-001 -1.3677807229783812e-001 2.5367750044264353e-001 9.6669713706168880e-001 -3.3828552524562044e-002 1.3792863550070611e-001 1.9033455737706648e-001 -1.5597071053884885e-002 9.8159537878018577e-001 -1.5491359653449305e-001 0.0000000000000000e+000 0.0000000000000000e+000 0.0000000000000000e+000 1.0000000000000000e+000</transform>
        <orientation>1</orientation>
      </camera>
      <camera id="24" label="IMG_3594.JPG" sensor_id="0" enabled="true">
        <transform>9.4717194496067769e-001 -1.1277789425716908e-001 -3.0024398952572851e-001 2.9875060576295992e-001 9.9217480152582915e-002 9.9324996746835692e-001 -6.0086552208292121e-002 2.3951900445570096e-001 3.0499376766022412e-001 2.7122844449408073e-002 9.5196804200424423e-001 -4.2746481617251142e-002 0.0000000000000000e+000 0.0000000000000000e+000 0.0000000000000000e+000 1.0000000000000000e+000</transform>
        <orientation>1</orientation>
      </camera>
      <camera id="25" label="IMG_3595.JPG" sensor_id="0" enabled="true">
        <transform>8.9722627837606150e-001 6.5157702171411272e-002 -4.3673731148046391e-001 8.3944270473965776e-001 -1.0324164993667635e-001 9.9259446240911409e-001 -6.4010896831043121e-002 2.6695632732969360e-001 4.2933223395151088e-001 1.0252173936538210e-001 8.9730882412227597e-001 1.7040916571510947e-001 0.0000000000000000e+000 0.0000000000000000e+000 0.0000000000000000e+000 1.0000000000000000e+000</transform>
        <orientation>1</orientation>
      </camera>
      <camera id="26" label="IMG_3596.JPG" sensor_id="0" enabled="true">
        <transform>8.3970980915020776e-001 1.6456063047740982e-001 -5.1750095199313295e-001 1.1605068629222561e+000 -2.2285877236723028e-001 9.7345940862066915e-001 -5.2064837912627185e-002 2.2117778031997484e-001 4.9519834813526237e-001 1.5904898196711131e-001 8.5409719431650921e-001 3.3874778668049343e-001 0.0000000000000000e+000 0.0000000000000000e+000 0.0000000000000000e+000 1.0000000000000000e+000</transform>
        <orientation>1</orientation>
      </camera>
      <camera id="27" label="IMG_3597.JPG" sensor_id="0" enabled="true">
        <transform>7.4595019226235004e-001 2.7589663834786715e-001 -6.0616776193732802e-001 1.5023389321999989e+000 -3.6188801880897059e-001 9.3198164259213789e-001 -2.1148988481218170e-002 1.0988189881853309e-001 5.5910229163032499e-001 2.3514094245708633e-001 7.9505557332435084e-001 5.6372876208640976e-001 0.0000000000000000e+000 0.0000000000000000e+000 0.0000000000000000e+000 1.0000000000000000e+000</transform>
        <orientation>1</orientation>
      </camera>
      <camera id="28" label="IMG_3598.JPG" sensor_id="0" enabled="true">
        <transform>5.9715875538492280e-001 3.9833928021308546e-001 -6.9622355512180922e-001 1.8739400308491014e+000 -5.2617295952609111e-001 8.4966419895996692e-001 3.4824785272450504e-002 -1.0964791761640164e-001 6.0542830915863566e-001 3.4553808306037537e-001 7.1697977351127329e-001 8.7772906549758900e-001 0.0000000000000000e+000 0.0000000000000000e+000 0.0000000000000000e+000 1.0000000000000000e+000</transform>
        <orientation>1</orientation>
      </camera>
      <camera id="47" label="IMG_3599.JPG" sensor_id="2" enabled="true">
        <transform>-1.2230364715191611e-001 8.3244034358730501e-001 -5.4044878782507122e-001 1.2438547260881658e+000 7.5086967023716611e-001 -2.7848529215845053e-001 -5.9886616231788514e-001 2.0569508739930455e+000 -6.4902739249685659e-001 -4.7905011890163596e-001 -5.9099443937236795e-001 5.7285300528644836e+000 0.0000000000000000e+000 0.0000000000000000e+000 0.0000000000000000e+000 1.0000000000000000e+000</transform>
        <orientation>1</orientation>
      </camera>
      <camera id="48" label="IMG_3600.JPG" sensor_id="2" enabled="true">
        <transform>-3.2463976677129036e-001 7.9355473592187986e-001 -5.1466484524070366e-001 1.1526954549660191e+000 7.0256459449032393e-001 -1.6199238360437285e-001 -6.9293683566600806e-001 2.4090086729518405e+000 -6.3325509267539948e-001 -5.8654015101280910e-001 -5.0493429161678272e-001 5.4095053101621628e+000 0.0000000000000000e+000 0.0000000000000000e+000 0.0000000000000000e+000 1.0000000000000000e+000</transform>
        <orientation>1</orientation>
      </camera>
      <camera id="49" label="IMG_3601.JPG" sensor_id="2" enabled="true">
        <transform>-4.9822317539579380e-001 7.3018098572369705e-001 -4.6755683674405035e-001 9.6989092239605679e-001 6.3135839997514032e-001 -6.4078485705857724e-002 -7.7283925783469065e-001 2.7164078363633681e+000 -5.9427286517168443e-001 -6.8024236545308969e-001 -4.2908051221585719e-001 5.1140700406086017e+000 0.0000000000000000e+000 0.0000000000000000e+000 0.0000000000000000e+000 1.0000000000000000e+000</transform>
        <orientation>1</orientation>
      </camera>
      <camera id="50" label="IMG_3602.JPG" sensor_id="2" enabled="true">
        <transform>-6.5075912819836057e-001 6.4343533499655348e-001 -4.0311726177922813e-001 7.3571416534220013e-001 5.3992256918787074e-001 1.8859710273719132e-002 -8.4150337528138308e-001 2.9822833828862048e+000 -5.3385033141141602e-001 -7.6526811053791099e-001 -3.5967838779339645e-001 4.8486650052149880e+000 0.0000000000000000e+000 0.0000000000000000e+000 0.0000000000000000e+000 1.0000000000000000e+000</transform>
        <orientation>1</orientation>
      </camera>
      <camera id="51" label="IMG_3603.JPG" sensor_id="2" enabled="true">
        <transform>-7.9230144108133871e-001 5.2410991594480572e-001 -3.1235752347072171e-001 4.0276840029879057e-001 4.1798863643654305e-001 9.3324675143671820e-002 -9.0364595103350476e-001 3.2230052590631235e+000 -4.4445913903344730e-001 -8.4652188454738508e-001 -2.9301326371341974e-001 4.5942386099807875e+000 0.0000000000000000e+000 0.0000000000000000e+000 0.0000000000000000e+000 1.0000000000000000e+000</transform>
        <orientation>1</orientation>
      </camera>
      <camera id="52" label="IMG_3604.JPG" sensor_id="2" enabled="true">
        <transform>-9.1786617146922356e-001 3.5360346016287658e-001 -1.8023951906635477e-001 -8.7582538259345810e-002 2.4794575621310419e-001 1.5626606907905116e-001 -9.5608776669848305e-001 3.4288912261154376e+000 -3.0991062138678277e-001 -9.2225024186249027e-001 -2.3110581588578871e-001 4.3529340703121839e+000 0.0000000000000000e+000 0.0000000000000000e+000 0.0000000000000000e+000 1.0000000000000000e+000</transform>
        <orientation>1</orientation>
      </camera>
      <camera id="53" label="IMG_3605.JPG" sensor_id="2" enabled="true">
        <transform>-9.7898207580045982e-001 1.9656562134355693e-001 -5.4369584946403579e-002 -5.5484067854138019e-001 9.0290414184931667e-002 1.7868774076846905e-001 -9.7975422040702298e-001 3.5186071310027573e+000 -1.8287081879768646e-001 -9.6407087281220216e-001 -1.9268008674323900e-001 4.2073352663421080e+000 0.0000000000000000e+000 0.0000000000000000e+000 0.0000000000000000e+000 1.0000000000000000e+000</transform>
        <orientation>1</orientation>
      </camera>
      <camera id="54" label="IMG_3606.JPG" sensor_id="2" enabled="true">
        <transform>-9.9475528023478754e-001 -4.0857510432061803e-003 1.0220195244427678e-001 -1.1451073860973480e+000 -1.0135320542505175e-001 1.7383845599637249e-001 -9.7954464878680492e-001 3.5246042469105903e+000 -1.3764454042080015e-002 -9.8476570708733080e-001 -1.7334082597505152e-001 4.1238014885403835e+000 0.0000000000000000e+000 0.0000000000000000e+000 0.0000000000000000e+000 1.0000000000000000e+000</transform>
        <orientation>1</orientation>
      </camera>
      <camera id="55" label="IMG_3607.JPG" sensor_id="2" enabled="true">
        <transform>-9.4313584537238093e-001 -2.0384901316010634e-001 2.6256495769118754e-001 -1.7446859025938399e+000 -2.9157863857235694e-001 1.2805170264436594e-001 -9.4793705433333997e-001 3.4135607078833679e+000 1.5961414317664696e-001 -9.7059174799888426e-001 -1.8020816855640920e-001 4.1443439922289445e+000 0.0000000000000000e+000 0.0000000000000000e+000 0.0000000000000000e+000 1.0000000000000000e+000</transform>
        <orientation>1</orientation>
      </camera>
      <camera id="56" label="IMG_3608.JPG" sensor_id="2" enabled="true">
        <transform>-8.1934177064489710e-001 -3.9640356757123241e-001 4.1417782955306043e-001 -2.3219841703892428e+000 -4.6617221746149806e-001 4.0138518489324038e-002 -8.8378298410894474e-001 3.1782816747631970e+000 3.3371024339015182e-001 -9.1719851229179439e-001 -2.1767949491443661e-001 4.2792124307412518e+000 0.0000000000000000e+000 0.0000000000000000e+000 0.0000000000000000e+000 1.0000000000000000e+000</transform>
        <orientation>1</orientation>
      </camera>
      <camera id="57" label="IMG_3609.JPG" sensor_id="2" enabled="true">
        <transform>-6.5202469109110739e-001 -5.3982555099815177e-001 5.3240226962052672e-001 -2.7716405226355230e+000 -5.9600958893284828e-001 -6.9110509478056192e-002 -7.9999769210903415e-001 2.8689767679180140e+000 4.6865378704075727e-001 -8.3893510593443743e-001 -2.7667944615227780e-001 4.4956648377582482e+000 0.0000000000000000e+000 0.0000000000000000e+000 0.0000000000000000e+000 1.0000000000000000e+000</transform>
        <orientation>1</orientation>
      </camera>
      <camera id="58" label="IMG_3610.JPG" sensor_id="2" enabled="true">
        <transform>-4.3401246497121648e-001 -6.4886336235988862e-001 6.2498761366656597e-001 -3.1252879603597670e+000 -6.9013708247125971e-001 -2.0646100256154443e-001 -6.9360266854975405e-001 2.4715379439800587e+000 5.7908892896313113e-001 -7.3235933216441107e-001 -3.5819801917938043e-001 4.8007761015020947e+000 0.0000000000000000e+000 0.0000000000000000e+000 0.0000000000000000e+000 1.0000000000000000e+000</transform>
        <orientation>1</orientation>
      </camera>
      <camera id="59" label="IMG_3611.JPG" sensor_id="2" enabled="true">
        <transform>-2.0725322720445494e-001 -7.0707097498896221e-001 6.7608929598204481e-001 -3.3257376341367850e+000 -7.3528564916819705e-001 -3.4326862423866267e-001 -5.8439855042650379e-001 2.0631818258604477e+000 6.4529149532644681e-001 -6.1823724244132550e-001 -4.4875561068125269e-001 5.1380472774884742e+000 0.0000000000000000e+000 0.0000000000000000e+000 0.0000000000000000e+000 1.0000000000000000e+000</transform>
        <orientation>1</orientation>
      </camera>
      <camera id="60" label="IMG_3612.JPG" sensor_id="2" enabled="true">
        <transform>1.0594575529171790e-001 -7.1600530464753709e-001 6.9000862360716531e-001 -3.3867039806821664e+000 -7.2659382914810056e-001 -5.2947296584177017e-001 -4.3785818010700728e-001 1.5155501438625070e+000 6.7884969203761736e-001 -4.5496679236984672e-001 -5.7634044926685890e-001 5.6181361557808689e+000 0.0000000000000000e+000 0.0000000000000000e+000 0.0000000000000000e+000 1.0000000000000000e+000</transform>
        <orientation>1</orientation>
      </camera>
      <camera id="61" label="IMG_3613.JPG" sensor_id="2" enabled="true">
        <transform>3.6483281543989587e-001 -6.6257376856726224e-001 6.5413532085095061e-001 -3.2648826032633496e+000 -6.6089963397080431e-001 -6.7915541412881786e-001 -3.1931112927170446e-001 1.0682645374943580e+000 6.5582672299583589e-001 -3.1582261582427940e-001 -6.8567294298262427e-001 6.0274990213601534e+000 0.0000000000000000e+000 0.0000000000000000e+000 0.0000000000000000e+000 1.0000000000000000e+000</transform>
        <orientation>1</orientation>
      </camera>
      <camera id="62" label="IMG_3614.JPG" sensor_id="2" enabled="true">
        <transform>6.0075626202958710e-001 -5.5617509643768592e-001 5.7424835718943879e-001 -2.9759234357684310e+000 -5.4789868275303810e-001 -8.0953278508214466e-001 -2.1086418215200023e-001 6.5592729345011169e-001 5.8215027876805503e-001 -1.8795194061162793e-001 -7.9105949267460218e-001 6.4247276530849966e+000 0.0000000000000000e+000 0.0000000000000000e+000 0.0000000000000000e+000 1.0000000000000000e+000</transform>
        <orientation>1</orientation>
      </camera>
      <camera id="63" label="IMG_3615.JPG" sensor_id="2" enabled="true">
        <transform>7.9779435511279062e-001 -3.9387048251095641e-001 4.5649776555504834e-001 -2.5577467349770227e+000 -3.8257775121537557e-001 -9.1588314237621438e-001 -1.2162373857951093e-001 3.1279176006305986e-001 4.6600260860337644e-001 -7.7615156494446572e-002 -8.8137248439986537e-001 6.7675264268251265e+000 0.0000000000000000e+000 0.0000000000000000e+000 0.0000000000000000e+000 1.0000000000000000e+000</transform>
        <orientation>1</orientation>
      </camera>
      <camera id="64" label="IMG_3616.JPG" sensor_id="2" enabled="true">
        <transform>9.3276515613072397e-001 -1.9468596219640949e-001 3.0339172637381429e-001 -1.9888583641344852e+000 -1.8318027222598277e-001 -9.8084603692946393e-001 -6.6227182538437360e-002 9.9622221277481410e-002 3.1047407520699699e-001 6.1990292322973185e-003 -9.5056163433042951e-001 7.0322195324065202e+000 0.0000000000000000e+000 0.0000000000000000e+000 0.0000000000000000e+000 1.0000000000000000e+000</transform>
        <orientation>1</orientation>
      </camera>
      <camera id="65" label="IMG_3617.JPG" sensor_id="2" enabled="true">
        <transform>9.8444612232684081e-001 -2.7052366505079608e-002 1.7359147934769692e-001 -1.5070770528300124e+000 -1.8812171002919684e-002 -9.9862453738814627e-001 -4.8940122072464530e-002 2.9345324591448160e-002 1.7467665687722544e-001 4.4913280806301255e-002 -9.8360096723692303e-001 7.1619473343217130e+000 0.0000000000000000e+000 0.0000000000000000e+000 0.0000000000000000e+000 1.0000000000000000e+000</transform>
        <orientation>1</orientation>
      </camera>
      <camera id="66" label="IMG_3618.JPG" sensor_id="2" enabled="true">
        <transform>9.6644696139263853e-001 2.5237642153199980e-001 -4.7816447689439781e-002 -6.7402264418155422e-001 2.4889941267970217e-001 -9.6610572645705561e-001 -6.8474868927103680e-002 9.3539801103367320e-002 -6.3477186316297188e-002 5.4275843260027330e-002 -9.9650628681196940e-001 7.2192870885999749e+000 0.0000000000000000e+000 0.0000000000000000e+000 0.0000000000000000e+000 1.0000000000000000e+000</transform>
        <orientation>1</orientation>
      </camera>
      <camera id="67" label="IMG_3619.JPG" sensor_id="2" enabled="true">
        <transform>8.0716046852161438e-001 5.2640879766648907e-001 -2.6718112919008624e-001 1.5812543451423888e-001 5.0366803763275891e-001 -8.5016388890666972e-001 -1.5342708322279214e-001 4.0686615494018341e-001 -3.0791311424350537e-001 -1.0730318653661794e-002 -9.5135396900336566e-001 7.0622348972515372e+000 0.0000000000000000e+000 0.0000000000000000e+000 0.0000000000000000e+000 1.0000000000000000e+000</transform>
        <orientation>1</orientation>
      </camera>
      <camera id="68" label="IMG_3620.JPG" sensor_id="2" enabled="true">
        <transform>5.3941767997132639e-001 7.2441675285533080e-001 -4.2924227974058060e-001 7.7613009942231548e-001 6.7872377324093291e-001 -6.7576603480778874e-001 -2.8753139974227060e-001 9.0368092576134651e-001 -4.9835991629739151e-001 -1.3623741917218332e-001 -8.5619901859635406e-001 6.7084203291294706e+000 0.0000000000000000e+000 0.0000000000000000e+000 0.0000000000000000e+000 1.0000000000000000e+000</transform>
        <orientation>1</orientation>
      </camera>
      <camera id="69" label="IMG_3621.JPG" sensor_id="2" enabled="true">
        <transform>2.9722714775056558e-001 8.1075798747951611e-001 -5.0430894140222038e-001 1.0618655197205098e+000 7.4833846233879298e-001 -5.2584285971765121e-001 -4.0432515710548322e-001 1.3420453471806431e+000 -5.9299710659030569e-001 -2.5721736454237987e-001 -7.6301615903819386e-001 6.3607443396742172e+000 0.0000000000000000e+000 0.0000000000000000e+000 0.0000000000000000e+000 1.0000000000000000e+000</transform>
        <orientation>1</orientation>
      </camera>
      <camera id="70" label="IMG_3622.JPG" sensor_id="2" enabled="true">
        <transform>6.8041018939708486e-002 8.4087798758650489e-001 -5.3693074947717023e-001 1.1990195690953942e+000 7.6654746664979445e-001 -3.8852555439556835e-001 -5.1132462776048482e-001 1.7424431901205910e+000 -6.3857294110730067e-001 -3.7679185709630969e-001 -6.7100856575120238e-001 6.0094824165531273e+000 0.0000000000000000e+000 0.0000000000000000e+000 0.0000000000000000e+000 1.0000000000000000e+000</transform>
        <orientation>1</orientation>
      </camera>
      <camera id="71" label="IMG_3623.JPG" sensor_id="2" enabled="true">
        <transform>-1.0506700567174054e-001 8.3628355789978082e-001 -5.3813635363693679e-001 1.2082626011135544e+000 7.5262081867139574e-001 -2.8683483334283566e-001 -5.9269526882166490e-001 2.0483543350666942e+000 -6.5001755947172102e-001 -4.6728534020197060e-001 -5.9926753892627627e-001 5.7434882066204853e+000 0.0000000000000000e+000 0.0000000000000000e+000 0.0000000000000000e+000 1.0000000000000000e+000</transform>
        <orientation>1</orientation>
      </camera>
      <camera id="29" label="IMG_3624.JPG" sensor_id="1" enabled="true">
        <transform>-3.5365545050195457e-001 5.5697450047870056e-001 -7.5147004474347601e-001 1.7222202578353916e+000 6.3605356536253699e-001 -4.4585760684137099e-001 -6.2979906034487743e-001 1.6030423959354225e+000 -6.8583065279984734e-001 -7.0070707163420842e-001 -1.9658564403828660e-001 4.0312121337991194e+000 0.0000000000000000e+000 0.0000000000000000e+000 0.0000000000000000e+000 1.0000000000000000e+000</transform>
        <orientation>1</orientation>
      </camera>
      <camera id="30" label="IMG_3625.JPG" sensor_id="1" enabled="true">
        <transform>-6.8521217598530415e-001 4.6836794225532874e-001 -5.5777750452038999e-001 1.1934270086660854e+000 4.6024811005914235e-001 -3.1509925473972544e-001 -8.2999044383020304e-001 2.2114092785054380e+000 -5.6449619225329795e-001 -8.2543560035291597e-001 3.4438575625062029e-004 3.4397319916290057e+000 0.0000000000000000e+000 0.0000000000000000e+000 0.0000000000000000e+000 1.0000000000000000e+000</transform>
        <orientation>1</orientation>
      </camera>
      <camera id="31" label="IMG_3626.JPG" sensor_id="1" enabled="true">
        <transform>-9.0570171774613373e-001 3.1850142391572167e-001 -2.7975210711513965e-001 4.0808634590981663e-001 2.1331618102436634e-001 -2.2786292947120568e-001 -9.5003931091612204e-001 2.5931051012330473e+000 -3.6633400795569415e-001 -9.2012788694640602e-001 1.3843433923221227e-001 3.0105792058992171e+000 0.0000000000000000e+000 0.0000000000000000e+000 0.0000000000000000e+000 1.0000000000000000e+000</transform>
        <orientation>1</orientation>
      </camera>
      <camera id="32" label="IMG_3627.JPG" sensor_id="1" enabled="true">
        <transform>-9.8549679683473468e-001 1.6939629816519547e-001 -1.0047765741992787e-002 -3.8272984528618176e-001 -2.3875121037575983e-002 -1.9703341435734500e-001 -9.8010602090902788e-001 2.7340155257007046e+000 -1.6800607734221662e-001 -9.6565145254103724e-001 1.9822015584058561e-001 2.7914280631787052e+000 0.0000000000000000e+000 0.0000000000000000e+000 0.0000000000000000e+000 1.0000000000000000e+000</transform>
        <orientation>1</orientation>
      </camera>
      <camera id="33" label="IMG_3628.JPG" sensor_id="1" enabled="true">
        <transform>-9.6440901197886741e-001 1.0311601478860316e-002 2.6421379314654619e-001 -1.1940595511848682e+000 -2.6074103980238561e-001 -2.0308074696513290e-001 -9.4380735342274935e-001 2.6632483056357490e+000 4.3924569169378480e-002 -9.7910769636798634e-001 1.9854156022420000e-001 2.7589433753559947e+000 0.0000000000000000e+000 0.0000000000000000e+000 0.0000000000000000e+000 1.0000000000000000e+000</transform>
        <orientation>1</orientation>
      </camera>
      <camera id="34" label="IMG_3629.JPG" sensor_id="1" enabled="true">
        <transform>-7.7323343615382778e-001 -2.0278796537077318e-001 6.0082201550419767e-001 -2.2166593991085493e+000 -5.4334582560612699e-001 -2.7661770784201223e-001 -7.9262725003915124e-001 2.2516107551867930e+000 3.2693327608265965e-001 -9.3934002619339763e-001 1.0370606626830492e-001 3.0055739401520860e+000 0.0000000000000000e+000 0.0000000000000000e+000 0.0000000000000000e+000 1.0000000000000000e+000</transform>
        <orientation>1</orientation>
      </camera>
      <camera id="35" label="IMG_3630.JPG" sensor_id="1" enabled="true">
        <transform>-5.6338726711525944e-001 -3.0897210099105465e-001 7.6624475728162245e-001 -2.7363481942211023e+000 -6.7988305706963437e-001 -3.5356503269939998e-001 -6.4245684396846459e-001 1.8242272689389136e+000 4.6941859354103926e-001 -8.8290883360709738e-001 -1.0870859050994275e-002 3.3268132993296264e+000 0.0000000000000000e+000 0.0000000000000000e+000 0.0000000000000000e+000 1.0000000000000000e+000</transform>
        <orientation>1</orientation>
      </camera>
      <camera id="36" label="IMG_3631.JPG" sensor_id="1" enabled="true">
        <transform>-2.3767526183890941e-001 -4.0160654605931595e-001 8.8443352043673251e-001 -3.1282221547725237e+000 -7.6855772622030272e-001 -4.7904962722571470e-001 -4.2406423584403097e-001 1.1876897879913779e+000 5.9399452133574770e-001 -7.8052779375061987e-001 -1.9479956828983358e-001 3.8575026120916238e+000 0.0000000000000000e+000 0.0000000000000000e+000 0.0000000000000000e+000 1.0000000000000000e+000</transform>
        <orientation>1</orientation>
      </camera>
      <camera id="37" label="IMG_3632.JPG" sensor_id="1" enabled="true">
        <transform>5.5661635411244470e-002 -4.3135137849730593e-001 9.0046530783357759e-001 -3.2081348962019720e+000 -7.7494887999472484e-001 -5.8733023453844213e-001 -2.3344684403936561e-001 6.2441597984347286e-001 6.2956811842585170e-001 -6.8482054865891140e-001 -3.6696702903154721e-001 4.3592093851340676e+000 0.0000000000000000e+000 0.0000000000000000e+000 0.0000000000000000e+000 1.0000000000000000e+000</transform>
        <orientation>1</orientation>
      </camera>
      <camera id="38" label="IMG_3633.JPG" sensor_id="1" enabled="true">
        <transform>4.4745197669850534e-001 -3.9726826001231896e-001 8.0122697042435176e-001 -2.9556660119828377e+000 -6.7387414931769940e-001 -7.3877811768621615e-001 1.0026151273458017e-002 -1.0423215032271889e-001 5.8794588137850523e-001 -5.4441236431109452e-001 -5.9827653986702234e-001 5.0463908822294661e+000 0.0000000000000000e+000 0.0000000000000000e+000 0.0000000000000000e+000 1.0000000000000000e+000</transform>
        <orientation>1</orientation>
      </camera>
      <camera id="39" label="IMG_3634.JPG" sensor_id="1" enabled="true">
        <transform>7.4398701915087029e-001 -2.9435791112164911e-001 5.9986393081689915e-001 -2.3958044976627688e+000 -4.8623486183524989e-001 -8.5426590099932687e-001 1.8386252887922494e-001 -6.4090785229501945e-001 4.5832191140186368e-001 -4.2846609031510030e-001 -7.7868981949106963e-001 5.5942687223533500e+000 0.0000000000000000e+000 0.0000000000000000e+000 0.0000000000000000e+000 1.0000000000000000e+000</transform>
        <orientation>1</orientation>
      </camera>
      <camera id="40" label="IMG_3635.JPG" sensor_id="1" enabled="true">
        <transform>9.0683199804150727e-001 -1.7966012034383533e-001 3.8128462922872419e-001 -1.7515260930827639e+000 -2.9639864141211386e-001 -9.1497315269993429e-001 2.7381010793503535e-001 -9.3766760147708517e-001 2.9967244233846424e-001 -3.6131201335740437e-001 -8.8297794780306860e-001 5.9293502600812760e+000 0.0000000000000000e+000 0.0000000000000000e+000 0.0000000000000000e+000 1.0000000000000000e+000</transform>
